9087
6083
0 0 1 10
0 11 1 13
0 14 1 18
0 19 1 21
0 22 1 24
0 25 1 36
0 37 1 42
0 43 1 53
0 54 1 55
0 56 1 58
0 59 1 63
0 64 1 69
0 70 1 73
0 74 1 74
0 75 1 76
0 77 1 77
0 78 1 81
0 82 1 86
0 87 1 89
0 90 1 98
0 99 1 99
0 100 1 100
0 101 1 101
0 102 1 105
0 106 1 109
0 110 1 112
0 113 1 114
0 115 1 115
0 116 1 119
0 120 1 120
0 121 1 124
0 125 1 125
0 126 1 126
0 127 1 130
0 131 1 132
0 133 1 134
0 135 1 138
0 139 1 142
0 143 1 143
0 144 1 145
0 146 1 146
0 147 1 149
0 150 1 150
0 151 1 151
0 152 1 154
0 155 1 155
0 156 1 158
0 159 1 160
0 161 1 163
0 164 1 167
0 168 1 170
0 171 1 173
0 174 1 175
0 176 1 177
0 178 1 183
0 184 1 184
0 185 1 186
0 187 1 188
0 189 1 189
0 190 1 190
0 191 1 194
0 195 1 198
0 199 1 201
0 202 1 204
0 205 1 205
0 206 1 207
0 208 1 208
0 209 1 212
0 213 1 214
0 215 1 222
0 223 1 223
0 224 1 233
0 234 1 236
0 237 1 237
0 238 1 239
0 240 1 244
0 245 1 245
0 246 1 246
0 247 1 249
2 0 2 10
2 11 2 13
2 14 2 18
2 19 2 21
2 22 2 24
2 25 2 36
2 37 2 42
2 43 2 53
2 54 2 55
2 56 2 58
2 59 2 63
2 64 2 69
2 70 2 73
2 74 2 74
2 75 2 76
2 77 2 77
2 78 2 81
2 82 2 86
2 87 2 89
2 90 2 98
2 99 2 99
2 100 2 100
2 101 2 101
2 102 2 105
2 106 2 109
2 110 2 112
2 113 2 114
2 115 2 115
2 116 2 119
2 120 2 120
2 121 2 124
2 125 2 125
2 126 2 126
2 127 2 130
2 131 2 132
2 133 2 134
2 135 2 138
2 139 2 142
2 143 2 143
2 144 2 145
2 146 2 146
2 147 2 149
2 150 2 150
2 151 2 151
2 152 2 154
2 155 2 155
2 156 2 158
2 159 2 160
2 161 2 163
2 164 2 167
2 168 2 170
2 171 2 173
2 174 2 175
2 176 2 177
2 178 2 183
2 184 2 184
2 185 2 186
2 187 2 188
2 189 2 189
2 190 2 190
2 191 2 194
2 195 2 198
2 199 2 201
2 202 2 204
2 205 2 205
2 206 2 207
2 208 2 208
2 209 2 212
2 213 2 214
2 215 2 222
2 223 2 223
2 224 2 233
2 234 2 236
2 237 2 237
2 238 2 239
2 240 2 244
2 245 2 245
2 246 2 246
2 247 2 249
3 0 7 10
3 11 7 13
3 14 7 18
3 19 7 21
3 22 7 24
3 25 7 36
3 37 7 42
3 43 7 53
3 54 7 55
3 56 7 58
3 59 7 63
3 64 7 69
3 70 7 73
3 74 7 74
3 75 7 76
3 77 7 77
3 78 7 81
3 82 7 86
3 87 7 89
3 90 7 98
3 99 7 99
3 100 7 100
3 101 7 101
3 102 7 105
3 106 7 109
3 110 7 112
3 113 7 114
3 115 7 115
3 116 7 119
3 120 7 120
3 121 7 124
3 125 7 125
3 126 7 126
3 127 7 130
3 131 7 132
3 133 7 134
3 135 7 138
3 139 7 142
3 143 7 143
3 144 7 145
3 146 7 146
3 147 7 149
3 150 7 150
3 151 7 151
3 152 7 154
3 155 7 155
3 156 7 158
3 159 7 160
3 161 7 163
3 164 7 167
3 168 7 170
3 171 7 173
3 174 7 175
3 176 7 177
3 178 7 183
3 184 7 184
3 185 7 186
3 187 7 188
3 189 7 189
3 190 7 190
3 191 7 194
3 195 7 198
3 199 7 201
3 202 7 204
3 205 7 205
3 206 7 207
3 208 7 208
3 209 7 212
3 213 7 214
3 215 7 222
3 223 7 223
3 224 7 233
3 234 7 236
3 237 7 237
3 238 7 239
3 240 7 244
3 245 7 245
3 246 7 246
3 247 7 249
8 0 9 10
8 11 9 13
8 14 9 18
8 19 9 21
8 22 9 24
8 25 9 36
8 37 9 42
8 43 9 53
8 54 9 55
8 56 9 58
8 59 9 63
8 64 9 69
8 70 9 73
8 74 9 74
8 75 9 76
8 77 9 77
8 78 9 81
8 82 9 86
8 87 9 89
8 90 9 98
8 99 9 99
8 100 9 100
8 101 9 101
8 102 9 105
8 106 9 109
8 110 9 112
8 113 9 114
8 115 9 115
8 116 9 119
8 120 9 120
8 121 9 124
8 125 9 125
8 126 9 126
8 127 9 130
8 131 9 132
8 133 9 134
8 135 9 138
8 139 9 142
8 143 9 143
8 144 9 145
8 146 9 146
8 147 9 149
8 150 9 150
8 151 9 151
8 152 9 154
8 155 9 155
8 156 9 158
8 159 9 160
8 161 9 163
8 164 9 167
8 168 9 170
8 171 9 173
8 174 9 175
8 176 9 177
8 178 9 183
8 184 9 184
8 185 9 186
8 187 9 188
8 189 9 189
8 190 9 190
8 191 9 194
8 195 9 198
8 199 9 201
8 202 9 204
8 205 9 205
8 206 9 207
8 208 9 208
8 209 9 212
8 213 9 214
8 215 9 222
8 223 9 223
8 224 9 233
8 234 9 236
8 237 9 237
8 238 9 239
8 240 9 244
8 245 9 245
8 246 9 246
8 247 9 249
10 0 14 10
10 11 14 13
10 14 14 18
10 19 14 21
10 22 14 24
10 25 14 36
10 37 14 42
10 43 14 53
10 54 14 55
10 56 14 58
10 59 14 63
10 64 14 69
10 70 14 73
10 74 14 74
10 75 14 76
10 77 14 77
10 78 14 81
10 82 14 86
10 87 14 89
10 90 14 98
10 99 14 99
10 100 14 100
10 101 14 101
10 102 14 105
10 106 14 109
10 110 14 112
10 113 14 114
10 115 14 115
10 116 14 119
10 120 14 120
10 121 14 124
10 125 14 125
10 126 14 126
10 127 14 130
10 131 14 132
10 133 14 134
10 135 14 138
10 139 14 142
10 143 14 143
10 144 14 145
10 146 14 146
10 147 14 149
10 150 14 150
10 151 14 151
10 152 14 154
10 155 14 155
10 156 14 158
10 159 14 160
10 161 14 163
10 164 14 167
10 168 14 170
10 171 14 173
10 174 14 175
10 176 14 177
10 178 14 183
10 184 14 184
10 185 14 186
10 187 14 188
10 189 14 189
10 190 14 190
10 191 14 194
10 195 14 198
10 199 14 201
10 202 14 204
10 205 14 205
10 206 14 207
10 208 14 208
10 209 14 212
10 213 14 214
10 215 14 222
10 223 14 223
10 224 14 233
10 234 14 236
10 237 14 237
10 238 14 239
10 240 14 244
10 245 14 245
10 246 14 246
10 247 14 249
15 0 17 10
15 11 17 13
15 14 17 18
15 19 17 21
15 22 17 24
15 25 17 36
15 37 17 42
15 43 17 53
15 54 17 55
15 56 17 58
15 59 17 63
15 64 17 69
15 70 17 73
15 74 17 74
15 75 17 76
15 77 17 77
15 78 17 81
15 82 17 86
15 87 17 89
15 90 17 98
15 99 17 99
15 100 17 100
15 101 17 101
15 102 17 105
15 106 17 109
15 110 17 112
15 113 17 114
15 115 17 115
15 116 17 119
15 120 17 120
15 121 17 124
15 125 17 125
15 126 17 126
15 127 17 130
15 131 17 132
15 133 17 134
15 135 17 138
15 139 17 142
15 143 17 143
15 144 17 145
15 146 17 146
15 147 17 149
15 150 17 150
15 151 17 151
15 152 17 154
15 155 17 155
15 156 17 158
15 159 17 160
15 161 17 163
15 164 17 167
15 168 17 170
15 171 17 173
15 174 17 175
15 176 17 177
15 178 17 183
15 184 17 184
15 185 17 186
15 187 17 188
15 189 17 189
15 190 17 190
15 191 17 194
15 195 17 198
15 199 17 201
15 202 17 204
15 205 17 205
15 206 17 207
15 208 17 208
15 209 17 212
15 213 17 214
15 215 17 222
15 223 17 223
15 224 17 233
15 234 17 236
15 237 17 237
15 238 17 239
15 240 17 244
15 245 17 245
15 246 17 246
15 247 17 249
18 0 18 10
18 11 18 13
18 14 18 18
18 19 18 21
18 22 18 24
18 25 18 36
18 37 18 42
18 43 18 53
18 54 18 55
18 56 18 58
18 59 18 63
18 64 18 69
18 70 18 73
18 74 18 74
18 75 18 76
18 77 18 77
18 78 18 81
18 82 18 86
18 87 18 89
18 90 18 98
18 99 18 99
18 100 18 100
18 101 18 101
18 102 18 105
18 106 18 109
18 110 18 112
18 113 18 114
18 115 18 115
18 116 18 119
18 120 18 120
18 121 18 124
18 125 18 125
18 126 18 126
18 127 18 130
18 131 18 132
18 133 18 134
18 135 18 138
18 139 18 142
18 143 18 143
18 144 18 145
18 146 18 146
18 147 18 149
18 150 18 150
18 151 18 151
18 152 18 154
18 155 18 155
18 156 18 158
18 159 18 160
18 161 18 163
18 164 18 167
18 168 18 170
18 171 18 173
18 174 18 175
18 176 18 177
18 178 18 183
18 184 18 184
18 185 18 186
18 187 18 188
18 189 18 189
18 190 18 190
18 191 18 194
18 195 18 198
18 199 18 201
18 202 18 204
18 205 18 205
18 206 18 207
18 208 18 208
18 209 18 212
18 213 18 214
18 215 18 222
18 223 18 223
18 224 18 233
18 234 18 236
18 237 18 237
18 238 18 239
18 240 18 244
18 245 18 245
18 246 18 246
18 247 18 249
19 0 20 10
19 11 20 13
19 14 20 18
19 19 20 21
19 22 20 24
19 25 20 36
19 37 20 42
19 43 20 53
19 54 20 55
19 56 20 58
19 59 20 63
19 64 20 69
19 70 20 73
19 74 20 74
19 75 20 76
19 77 20 77
19 78 20 81
19 82 20 86
19 87 20 89
19 90 20 98
19 99 20 99
19 100 20 100
19 101 20 101
19 102 20 105
19 106 20 109
19 110 20 112
19 113 20 114
19 115 20 115
19 116 20 119
19 120 20 120
19 121 20 124
19 125 20 125
19 126 20 126
19 127 20 130
19 131 20 132
19 133 20 134
19 135 20 138
19 139 20 142
19 143 20 143
19 144 20 145
19 146 20 146
19 147 20 149
19 150 20 150
19 151 20 151
19 152 20 154
19 155 20 155
19 156 20 158
19 159 20 160
19 161 20 163
19 164 20 167
19 168 20 170
19 171 20 173
19 174 20 175
19 176 20 177
19 178 20 183
19 184 20 184
19 185 20 186
19 187 20 188
19 189 20 189
19 190 20 190
19 191 20 194
19 195 20 198
19 199 20 201
19 202 20 204
19 205 20 205
19 206 20 207
19 208 20 208
19 209 20 212
19 213 20 214
19 215 20 222
19 223 20 223
19 224 20 233
19 234 20 236
19 237 20 237
19 238 20 239
19 240 20 244
19 245 20 245
19 246 20 246
19 247 20 249
21 0 23 10
21 11 23 13
21 14 23 18
21 19 23 21
21 22 23 24
21 25 23 36
21 37 23 42
21 43 23 53
21 54 23 55
21 56 23 58
21 59 23 63
21 64 23 69
21 70 23 73
21 74 23 74
21 75 23 76
21 77 23 77
21 78 23 81
21 82 23 86
21 87 23 89
21 90 23 98
21 99 23 99
21 100 23 100
21 101 23 101
21 102 23 105
21 106 23 109
21 110 23 112
21 113 23 114
21 115 23 115
21 116 23 119
21 120 23 120
21 121 23 124
21 125 23 125
21 126 23 126
21 127 23 130
21 131 23 132
21 133 23 134
21 135 23 138
21 139 23 142
21 143 23 143
21 144 23 145
21 146 23 146
21 147 23 149
21 150 23 150
21 151 23 151
21 152 23 154
21 155 23 155
21 156 23 158
21 159 23 160
21 161 23 163
21 164 23 167
21 168 23 170
21 171 23 173
21 174 23 175
21 176 23 177
21 178 23 183
21 184 23 184
21 185 23 186
21 187 23 188
21 189 23 189
21 190 23 190
21 191 23 194
21 195 23 198
21 199 23 201
21 202 23 204
21 205 23 205
21 206 23 207
21 208 23 208
21 209 23 212
21 213 23 214
21 215 23 222
21 223 23 223
21 224 23 233
21 234 23 236
21 237 23 237
21 238 23 239
21 240 23 244
21 245 23 245
21 246 23 246
21 247 23 249
24 0 27 10
24 11 27 13
24 14 27 18
24 19 27 21
24 22 27 24
24 25 27 36
24 37 27 42
24 43 27 53
24 54 27 55
24 56 27 58
24 59 27 63
24 64 27 69
24 70 27 73
24 74 27 74
24 75 27 76
24 77 27 77
24 78 27 81
24 82 27 86
24 87 27 89
24 90 27 98
24 99 27 99
24 100 27 100
24 101 27 101
24 102 27 105
24 106 27 109
24 110 27 112
24 113 27 114
24 115 27 115
24 116 27 119
24 120 27 120
24 121 27 124
24 125 27 125
24 126 27 126
24 127 27 130
24 131 27 132
24 133 27 134
24 135 27 138
24 139 27 142
24 143 27 143
24 144 27 145
24 146 27 146
24 147 27 149
24 150 27 150
24 151 27 151
24 152 27 154
24 155 27 155
24 156 27 158
24 159 27 160
24 161 27 163
24 164 27 167
24 168 27 170
24 171 27 173
24 174 27 175
24 176 27 177
24 178 27 183
24 184 27 184
24 185 27 186
24 187 27 188
24 189 27 189
24 190 27 190
24 191 27 194
24 195 27 198
24 199 27 201
24 202 27 204
24 205 27 205
24 206 27 207
24 208 27 208
24 209 27 212
24 213 27 214
24 215 27 222
24 223 27 223
24 224 27 233
24 234 27 236
24 237 27 237
24 238 27 239
24 240 27 244
24 245 27 245
24 246 27 246
24 247 27 249
28 0 29 10
28 11 29 13
28 14 29 18
28 19 29 21
28 22 29 24
28 25 29 36
28 37 29 42
28 43 29 53
28 54 29 55
28 56 29 58
28 59 29 63
28 64 29 69
28 70 29 73
28 74 29 74
28 75 29 76
28 77 29 77
28 78 29 81
28 82 29 86
28 87 29 89
28 90 29 98
28 99 29 99
28 100 29 100
28 101 29 101
28 102 29 105
28 106 29 109
28 110 29 112
28 113 29 114
28 115 29 115
28 116 29 119
28 120 29 120
28 121 29 124
28 125 29 125
28 126 29 126
28 127 29 130
28 131 29 132
28 133 29 134
28 135 29 138
28 139 29 142
28 143 29 143
28 144 29 145
28 146 29 146
28 147 29 149
28 150 29 150
28 151 29 151
28 152 29 154
28 155 29 155
28 156 29 158
28 159 29 160
28 161 29 163
28 164 29 167
28 168 29 170
28 171 29 173
28 174 29 175
28 176 29 177
28 178 29 183
28 184 29 184
28 185 29 186
28 187 29 188
28 189 29 189
28 190 29 190
28 191 29 194
28 195 29 198
28 199 29 201
28 202 29 204
28 205 29 205
28 206 29 207
28 208 29 208
28 209 29 212
28 213 29 214
28 215 29 222
28 223 29 223
28 224 29 233
28 234 29 236
28 237 29 237
28 238 29 239
28 240 29 244
28 245 29 245
28 246 29 246
28 247 29 249
30 0 33 10
30 11 33 13
30 14 33 18
30 19 33 21
30 22 33 24
30 25 33 36
30 37 33 42
30 43 33 53
30 54 33 55
30 56 33 58
30 59 33 63
30 64 33 69
30 70 33 73
30 74 33 74
30 75 33 76
30 77 33 77
30 78 33 81
30 82 33 86
30 87 33 89
30 90 33 98
30 99 33 99
30 100 33 100
30 101 33 101
30 102 33 105
30 106 33 109
30 110 33 112
30 113 33 114
30 115 33 115
30 116 33 119
30 120 33 120
30 121 33 124
30 125 33 125
30 126 33 126
30 127 33 130
30 131 33 132
30 133 33 134
30 135 33 138
30 139 33 142
30 143 33 143
30 144 33 145
30 146 33 146
30 147 33 149
30 150 33 150
30 151 33 151
30 152 33 154
30 155 33 155
30 156 33 158
30 159 33 160
30 161 33 163
30 164 33 167
30 168 33 170
30 171 33 173
30 174 33 175
30 176 33 177
30 178 33 183
30 184 33 184
30 185 33 186
30 187 33 188
30 189 33 189
30 190 33 190
30 191 33 194
30 195 33 198
30 199 33 201
30 202 33 204
30 205 33 205
30 206 33 207
30 208 33 208
30 209 33 212
30 213 33 214
30 215 33 222
30 223 33 223
30 224 33 233
30 234 33 236
30 237 33 237
30 238 33 239
30 240 33 244
30 245 33 245
30 246 33 246
30 247 33 249
34 0 35 10
34 11 35 13
34 14 35 18
34 19 35 21
34 22 35 24
34 25 35 36
34 37 35 42
34 43 35 53
34 54 35 55
34 56 35 58
34 59 35 63
34 64 35 69
34 70 35 73
34 74 35 74
34 75 35 76
34 77 35 77
34 78 35 81
34 82 35 86
34 87 35 89
34 90 35 98
34 99 35 99
34 100 35 100
34 101 35 101
34 102 35 105
34 106 35 109
34 110 35 112
34 113 35 114
34 115 35 115
34 116 35 119
34 120 35 120
34 121 35 124
34 125 35 125
34 126 35 126
34 127 35 130
34 131 35 132
34 133 35 134
34 135 35 138
34 139 35 142
34 143 35 143
34 144 35 145
34 146 35 146
34 147 35 149
34 150 35 150
34 151 35 151
34 152 35 154
34 155 35 155
34 156 35 158
34 159 35 160
34 161 35 163
34 164 35 167
34 168 35 170
34 171 35 173
34 174 35 175
34 176 35 177
34 178 35 183
34 184 35 184
34 185 35 186
34 187 35 188
34 189 35 189
34 190 35 190
34 191 35 194
34 195 35 198
34 199 35 201
34 202 35 204
34 205 35 205
34 206 35 207
34 208 35 208
34 209 35 212
34 213 35 214
34 215 35 222
34 223 35 223
34 224 35 233
34 234 35 236
34 237 35 237
34 238 35 239
34 240 35 244
34 245 35 245
34 246 35 246
34 247 35 249
36 0 36 10
36 11 36 13
36 14 36 18
36 19 36 21
36 22 36 24
36 25 36 36
36 37 36 42
36 43 36 53
36 54 36 55
36 56 36 58
36 59 36 63
36 64 36 69
36 70 36 73
36 74 36 74
36 75 36 76
36 77 36 77
36 78 36 81
36 82 36 86
36 87 36 89
36 90 36 98
36 99 36 99
36 100 36 100
36 101 36 101
36 102 36 105
36 106 36 109
36 110 36 112
36 113 36 114
36 115 36 115
36 116 36 119
36 120 36 120
36 121 36 124
36 125 36 125
36 126 36 126
36 127 36 130
36 131 36 132
36 133 36 134
36 135 36 138
36 139 36 142
36 143 36 143
36 144 36 145
36 146 36 146
36 147 36 149
36 150 36 150
36 151 36 151
36 152 36 154
36 155 36 155
36 156 36 158
36 159 36 160
36 161 36 163
36 164 36 167
36 168 36 170
36 171 36 173
36 174 36 175
36 176 36 177
36 178 36 183
36 184 36 184
36 185 36 186
36 187 36 188
36 189 36 189
36 190 36 190
36 191 36 194
36 195 36 198
36 199 36 201
36 202 36 204
36 205 36 205
36 206 36 207
36 208 36 208
36 209 36 212
36 213 36 214
36 215 36 222
36 223 36 223
36 224 36 233
36 234 36 236
36 237 36 237
36 238 36 239
36 240 36 244
36 245 36 245
36 246 36 246
36 247 36 249
37 0 39 10
37 11 39 13
37 14 39 18
37 19 39 21
37 22 39 24
37 25 39 36
37 37 39 42
37 43 39 53
37 54 39 55
37 56 39 58
37 59 39 63
37 64 39 69
37 70 39 73
37 74 39 74
37 75 39 76
37 77 39 77
37 78 39 81
37 82 39 86
37 87 39 89
37 90 39 98
37 99 39 99
37 100 39 100
37 101 39 101
37 102 39 105
37 106 39 109
37 110 39 112
37 113 39 114
37 115 39 115
37 116 39 119
37 120 39 120
37 121 39 124
37 125 39 125
37 126 39 126
37 127 39 130
37 131 39 132
37 133 39 134
37 135 39 138
37 139 39 142
37 143 39 143
37 144 39 145
37 146 39 146
37 147 39 149
37 150 39 150
37 151 39 151
37 152 39 154
37 155 39 155
37 156 39 158
37 159 39 160
37 161 39 163
37 164 39 167
37 168 39 170
37 171 39 173
37 174 39 175
37 176 39 177
37 178 39 183
37 184 39 184
37 185 39 186
37 187 39 188
37 189 39 189
37 190 39 190
37 191 39 194
37 195 39 198
37 199 39 201
37 202 39 204
37 205 39 205
37 206 39 207
37 208 39 208
37 209 39 212
37 213 39 214
37 215 39 222
37 223 39 223
37 224 39 233
37 234 39 236
37 237 39 237
37 238 39 239
37 240 39 244
37 245 39 245
37 246 39 246
37 247 39 249
40 0 41 10
40 11 41 13
40 14 41 18
40 19 41 21
40 22 41 24
40 25 41 36
40 37 41 42
40 43 41 53
40 54 41 55
40 56 41 58
40 59 41 63
40 64 41 69
40 70 41 73
40 74 41 74
40 75 41 76
40 77 41 77
40 78 41 81
40 82 41 86
40 87 41 89
40 90 41 98
40 99 41 99
40 100 41 100
40 101 41 101
40 102 41 105
40 106 41 109
40 110 41 112
40 113 41 114
40 115 41 115
40 116 41 119
40 120 41 120
40 121 41 124
40 125 41 125
40 126 41 126
40 127 41 130
40 131 41 132
40 133 41 134
40 135 41 138
40 139 41 142
40 143 41 143
40 144 41 145
40 146 41 146
40 147 41 149
40 150 41 150
40 151 41 151
40 152 41 154
40 155 41 155
40 156 41 158
40 159 41 160
40 161 41 163
40 164 41 167
40 168 41 170
40 171 41 173
40 174 41 175
40 176 41 177
40 178 41 183
40 184 41 184
40 185 41 186
40 187 41 188
40 189 41 189
40 190 41 190
40 191 41 194
40 195 41 198
40 199 41 201
40 202 41 204
40 205 41 205
40 206 41 207
40 208 41 208
40 209 41 212
40 213 41 214
40 215 41 222
40 223 41 223
40 224 41 233
40 234 41 236
40 237 41 237
40 238 41 239
40 240 41 244
40 245 41 245
40 246 41 246
40 247 41 249
42 0 42 10
42 11 42 13
42 14 42 18
42 19 42 21
42 22 42 24
42 25 42 36
42 37 42 42
42 43 42 53
42 54 42 55
42 56 42 58
42 59 42 63
42 64 42 69
42 70 42 73
42 74 42 74
42 75 42 76
42 77 42 77
42 78 42 81
42 82 42 86
42 87 42 89
42 90 42 98
42 99 42 99
42 100 42 100
42 101 42 101
42 102 42 105
42 106 42 109
42 110 42 112
42 113 42 114
42 115 42 115
42 116 42 119
42 120 42 120
42 121 42 124
42 125 42 125
42 126 42 126
42 127 42 130
42 131 42 132
42 133 42 134
42 135 42 138
42 139 42 142
42 143 42 143
42 144 42 145
42 146 42 146
42 147 42 149
42 150 42 150
42 151 42 151
42 152 42 154
42 155 42 155
42 156 42 158
42 159 42 160
42 161 42 163
42 164 42 167
42 168 42 170
42 171 42 173
42 174 42 175
42 176 42 177
42 178 42 183
42 184 42 184
42 185 42 186
42 187 42 188
42 189 42 189
42 190 42 190
42 191 42 194
42 195 42 198
42 199 42 201
42 202 42 204
42 205 42 205
42 206 42 207
42 208 42 208
42 209 42 212
42 213 42 214
42 215 42 222
42 223 42 223
42 224 42 233
42 234 42 236
42 237 42 237
42 238 42 239
42 240 42 244
42 245 42 245
42 246 42 246
42 247 42 249
43 0 43 10
43 11 43 13
43 14 43 18
43 19 43 21
43 22 43 24
43 25 43 36
43 37 43 42
43 43 43 53
43 54 43 55
43 56 43 58
43 59 43 63
43 64 43 69
43 70 43 73
43 74 43 74
43 75 43 76
43 77 43 77
43 78 43 81
43 82 43 86
43 87 43 89
43 90 43 98
43 99 43 99
43 100 43 100
43 101 43 101
43 102 43 105
43 106 43 109
43 110 43 112
43 113 43 114
43 115 43 115
43 116 43 119
43 120 43 120
43 121 43 124
43 125 43 125
43 126 43 126
43 127 43 130
43 131 43 132
43 133 43 134
43 135 43 138
43 139 43 142
43 143 43 143
43 144 43 145
43 146 43 146
43 147 43 149
43 150 43 150
43 151 43 151
43 152 43 154
43 155 43 155
43 156 43 158
43 159 43 160
43 161 43 163
43 164 43 167
43 168 43 170
43 171 43 173
43 174 43 175
43 176 43 177
43 178 43 183
43 184 43 184
43 185 43 186
43 187 43 188
43 189 43 189
43 190 43 190
43 191 43 194
43 195 43 198
43 199 43 201
43 202 43 204
43 205 43 205
43 206 43 207
43 208 43 208
43 209 43 212
43 213 43 214
43 215 43 222
43 223 43 223
43 224 43 233
43 234 43 236
43 237 43 237
43 238 43 239
43 240 43 244
43 245 43 245
43 246 43 246
43 247 43 249
44 0 45 10
44 11 45 13
44 14 45 18
44 19 45 21
44 22 45 24
44 25 45 36
44 37 45 42
44 43 45 53
44 54 45 55
44 56 45 58
44 59 45 63
44 64 45 69
44 70 45 73
44 74 45 74
44 75 45 76
44 77 45 77
44 78 45 81
44 82 45 86
44 87 45 89
44 90 45 98
44 99 45 99
44 100 45 100
44 101 45 101
44 102 45 105
44 106 45 109
44 110 45 112
44 113 45 114
44 115 45 115
44 116 45 119
44 120 45 120
44 121 45 124
44 125 45 125
44 126 45 126
44 127 45 130
44 131 45 132
44 133 45 134
44 135 45 138
44 139 45 142
44 143 45 143
44 144 45 145
44 146 45 146
44 147 45 149
44 150 45 150
44 151 45 151
44 152 45 154
44 155 45 155
44 156 45 158
44 159 45 160
44 161 45 163
44 164 45 167
44 168 45 170
44 171 45 173
44 174 45 175
44 176 45 177
44 178 45 183
44 184 45 184
44 185 45 186
44 187 45 188
44 189 45 189
44 190 45 190
44 191 45 194
44 195 45 198
44 199 45 201
44 202 45 204
44 205 45 205
44 206 45 207
44 208 45 208
44 209 45 212
44 213 45 214
44 215 45 222
44 223 45 223
44 224 45 233
44 234 45 236
44 237 45 237
44 238 45 239
44 240 45 244
44 245 45 245
44 246 45 246
44 247 45 249
46 0 46 10
46 11 46 13
46 14 46 18
46 19 46 21
46 22 46 24
46 25 46 36
46 37 46 42
46 43 46 53
46 54 46 55
46 56 46 58
46 59 46 63
46 64 46 69
46 70 46 73
46 74 46 74
46 75 46 76
46 77 46 77
46 78 46 81
46 82 46 86
46 87 46 89
46 90 46 98
46 99 46 99
46 100 46 100
46 101 46 101
46 102 46 105
46 106 46 109
46 110 46 112
46 113 46 114
46 115 46 115
46 116 46 119
46 120 46 120
46 121 46 124
46 125 46 125
46 126 46 126
46 127 46 130
46 131 46 132
46 133 46 134
46 135 46 138
46 139 46 142
46 143 46 143
46 144 46 145
46 146 46 146
46 147 46 149
46 150 46 150
46 151 46 151
46 152 46 154
46 155 46 155
46 156 46 158
46 159 46 160
46 161 46 163
46 164 46 167
46 168 46 170
46 171 46 173
46 174 46 175
46 176 46 177
46 178 46 183
46 184 46 184
46 185 46 186
46 187 46 188
46 189 46 189
46 190 46 190
46 191 46 194
46 195 46 198
46 199 46 201
46 202 46 204
46 205 46 205
46 206 46 207
46 208 46 208
46 209 46 212
46 213 46 214
46 215 46 222
46 223 46 223
46 224 46 233
46 234 46 236
46 237 46 237
46 238 46 239
46 240 46 244
46 245 46 245
46 246 46 246
46 247 46 249
47 0 49 10
47 11 49 13
47 14 49 18
47 19 49 21
47 22 49 24
47 25 49 36
47 37 49 42
47 43 49 53
47 54 49 55
47 56 49 58
47 59 49 63
47 64 49 69
47 70 49 73
47 74 49 74
47 75 49 76
47 77 49 77
47 78 49 81
47 82 49 86
47 87 49 89
47 90 49 98
47 99 49 99
47 100 49 100
47 101 49 101
47 102 49 105
47 106 49 109
47 110 49 112
47 113 49 114
47 115 49 115
47 116 49 119
47 120 49 120
47 121 49 124
47 125 49 125
47 126 49 126
47 127 49 130
47 131 49 132
47 133 49 134
47 135 49 138
47 139 49 142
47 143 49 143
47 144 49 145
47 146 49 146
47 147 49 149
47 150 49 150
47 151 49 151
47 152 49 154
47 155 49 155
47 156 49 158
47 159 49 160
47 161 49 163
47 164 49 167
47 168 49 170
47 171 49 173
47 174 49 175
47 176 49 177
47 178 49 183
47 184 49 184
47 185 49 186
47 187 49 188
47 189 49 189
47 190 49 190
47 191 49 194
47 195 49 198
47 199 49 201
47 202 49 204
47 205 49 205
47 206 49 207
47 208 49 208
47 209 49 212
47 213 49 214
47 215 49 222
47 223 49 223
47 224 49 233
47 234 49 236
47 237 49 237
47 238 49 239
47 240 49 244
47 245 49 245
47 246 49 246
47 247 49 249
50 0 50 10
50 11 50 13
50 14 50 18
50 19 50 21
50 22 50 24
50 25 50 36
50 37 50 42
50 43 50 53
50 54 50 55
50 56 50 58
50 59 50 63
50 64 50 69
50 70 50 73
50 74 50 74
50 75 50 76
50 77 50 77
50 78 50 81
50 82 50 86
50 87 50 89
50 90 50 98
50 99 50 99
50 100 50 100
50 101 50 101
50 102 50 105
50 106 50 109
50 110 50 112
50 113 50 114
50 115 50 115
50 116 50 119
50 120 50 120
50 121 50 124
50 125 50 125
50 126 50 126
50 127 50 130
50 131 50 132
50 133 50 134
50 135 50 138
50 139 50 142
50 143 50 143
50 144 50 145
50 146 50 146
50 147 50 149
50 150 50 150
50 151 50 151
50 152 50 154
50 155 50 155
50 156 50 158
50 159 50 160
50 161 50 163
50 164 50 167
50 168 50 170
50 171 50 173
50 174 50 175
50 176 50 177
50 178 50 183
50 184 50 184
50 185 50 186
50 187 50 188
50 189 50 189
50 190 50 190
50 191 50 194
50 195 50 198
50 199 50 201
50 202 50 204
50 205 50 205
50 206 50 207
50 208 50 208
50 209 50 212
50 213 50 214
50 215 50 222
50 223 50 223
50 224 50 233
50 234 50 236
50 237 50 237
50 238 50 239
50 240 50 244
50 245 50 245
50 246 50 246
50 247 50 249
51 0 52 10
51 11 52 13
51 14 52 18
51 19 52 21
51 22 52 24
51 25 52 36
51 37 52 42
51 43 52 53
51 54 52 55
51 56 52 58
51 59 52 63
51 64 52 69
51 70 52 73
51 74 52 74
51 75 52 76
51 77 52 77
51 78 52 81
51 82 52 86
51 87 52 89
51 90 52 98
51 99 52 99
51 100 52 100
51 101 52 101
51 102 52 105
51 106 52 109
51 110 52 112
51 113 52 114
51 115 52 115
51 116 52 119
51 120 52 120
51 121 52 124
51 125 52 125
51 126 52 126
51 127 52 130
51 131 52 132
51 133 52 134
51 135 52 138
51 139 52 142
51 143 52 143
51 144 52 145
51 146 52 146
51 147 52 149
51 150 52 150
51 151 52 151
51 152 52 154
51 155 52 155
51 156 52 158
51 159 52 160
51 161 52 163
51 164 52 167
51 168 52 170
51 171 52 173
51 174 52 175
51 176 52 177
51 178 52 183
51 184 52 184
51 185 52 186
51 187 52 188
51 189 52 189
51 190 52 190
51 191 52 194
51 195 52 198
51 199 52 201
51 202 52 204
51 205 52 205
51 206 52 207
51 208 52 208
51 209 52 212
51 213 52 214
51 215 52 222
51 223 52 223
51 224 52 233
51 234 52 236
51 237 52 237
51 238 52 239
51 240 52 244
51 245 52 245
51 246 52 246
51 247 52 249
53 0 55 10
53 11 55 13
53 14 55 18
53 19 55 21
53 22 55 24
53 25 55 36
53 37 55 42
53 43 55 53
53 54 55 55
53 56 55 58
53 59 55 63
53 64 55 69
53 70 55 73
53 74 55 74
53 75 55 76
53 77 55 77
53 78 55 81
53 82 55 86
53 87 55 89
53 90 55 98
53 99 55 99
53 100 55 100
53 101 55 101
53 102 55 105
53 106 55 109
53 110 55 112
53 113 55 114
53 115 55 115
53 116 55 119
53 120 55 120
53 121 55 124
53 125 55 125
53 126 55 126
53 127 55 130
53 131 55 132
53 133 55 134
53 135 55 138
53 139 55 142
53 143 55 143
53 144 55 145
53 146 55 146
53 147 55 149
53 150 55 150
53 151 55 151
53 152 55 154
53 155 55 155
53 156 55 158
53 159 55 160
53 161 55 163
53 164 55 167
53 168 55 170
53 171 55 173
53 174 55 175
53 176 55 177
53 178 55 183
53 184 55 184
53 185 55 186
53 187 55 188
53 189 55 189
53 190 55 190
53 191 55 194
53 195 55 198
53 199 55 201
53 202 55 204
53 205 55 205
53 206 55 207
53 208 55 208
53 209 55 212
53 213 55 214
53 215 55 222
53 223 55 223
53 224 55 233
53 234 55 236
53 237 55 237
53 238 55 239
53 240 55 244
53 245 55 245
53 246 55 246
53 247 55 249
56 0 59 10
56 11 59 13
56 14 59 18
56 19 59 21
56 22 59 24
56 25 59 36
56 37 59 42
56 43 59 53
56 54 59 55
56 56 59 58
56 59 59 63
56 64 59 69
56 70 59 73
56 74 59 74
56 75 59 76
56 77 59 77
56 78 59 81
56 82 59 86
56 87 59 89
56 90 59 98
56 99 59 99
56 100 59 100
56 101 59 101
56 102 59 105
56 106 59 109
56 110 59 112
56 113 59 114
56 115 59 115
56 116 59 119
56 120 59 120
56 121 59 124
56 125 59 125
56 126 59 126
56 127 59 130
56 131 59 132
56 133 59 134
56 135 59 138
56 139 59 142
56 143 59 143
56 144 59 145
56 146 59 146
56 147 59 149
56 150 59 150
56 151 59 151
56 152 59 154
56 155 59 155
56 156 59 158
56 159 59 160
56 161 59 163
56 164 59 167
56 168 59 170
56 171 59 173
56 174 59 175
56 176 59 177
56 178 59 183
56 184 59 184
56 185 59 186
56 187 59 188
56 189 59 189
56 190 59 190
56 191 59 194
56 195 59 198
56 199 59 201
56 202 59 204
56 205 59 205
56 206 59 207
56 208 59 208
56 209 59 212
56 213 59 214
56 215 59 222
56 223 59 223
56 224 59 233
56 234 59 236
56 237 59 237
56 238 59 239
56 240 59 244
56 245 59 245
56 246 59 246
56 247 59 249
60 0 64 10
60 11 64 13
60 14 64 18
60 19 64 21
60 22 64 24
60 25 64 36
60 37 64 42
60 43 64 53
60 54 64 55
60 56 64 58
60 59 64 63
60 64 64 69
60 70 64 73
60 74 64 74
60 75 64 76
60 77 64 77
60 78 64 81
60 82 64 86
60 87 64 89
60 90 64 98
60 99 64 99
60 100 64 100
60 101 64 101
60 102 64 105
60 106 64 109
60 110 64 112
60 113 64 114
60 115 64 115
60 116 64 119
60 120 64 120
60 121 64 124
60 125 64 125
60 126 64 126
60 127 64 130
60 131 64 132
60 133 64 134
60 135 64 138
60 139 64 142
60 143 64 143
60 144 64 145
60 146 64 146
60 147 64 149
60 150 64 150
60 151 64 151
60 152 64 154
60 155 64 155
60 156 64 158
60 159 64 160
60 161 64 163
60 164 64 167
60 168 64 170
60 171 64 173
60 174 64 175
60 176 64 177
60 178 64 183
60 184 64 184
60 185 64 186
60 187 64 188
60 189 64 189
60 190 64 190
60 191 64 194
60 195 64 198
60 199 64 201
60 202 64 204
60 205 64 205
60 206 64 207
60 208 64 208
60 209 64 212
60 213 64 214
60 215 64 222
60 223 64 223
60 224 64 233
60 234 64 236
60 237 64 237
60 238 64 239
60 240 64 244
60 245 64 245
60 246 64 246
60 247 64 249
65 0 66 10
65 11 66 13
65 14 66 18
65 19 66 21
65 22 66 24
65 25 66 36
65 37 66 42
65 43 66 53
65 54 66 55
65 56 66 58
65 59 66 63
65 64 66 69
65 70 66 73
65 74 66 74
65 75 66 76
65 77 66 77
65 78 66 81
65 82 66 86
65 87 66 89
65 90 66 98
65 99 66 99
65 100 66 100
65 101 66 101
65 102 66 105
65 106 66 109
65 110 66 112
65 113 66 114
65 115 66 115
65 116 66 119
65 120 66 120
65 121 66 124
65 125 66 125
65 126 66 126
65 127 66 130
65 131 66 132
65 133 66 134
65 135 66 138
65 139 66 142
65 143 66 143
65 144 66 145
65 146 66 146
65 147 66 149
65 150 66 150
65 151 66 151
65 152 66 154
65 155 66 155
65 156 66 158
65 159 66 160
65 161 66 163
65 164 66 167
65 168 66 170
65 171 66 173
65 174 66 175
65 176 66 177
65 178 66 183
65 184 66 184
65 185 66 186
65 187 66 188
65 189 66 189
65 190 66 190
65 191 66 194
65 195 66 198
65 199 66 201
65 202 66 204
65 205 66 205
65 206 66 207
65 208 66 208
65 209 66 212
65 213 66 214
65 215 66 222
65 223 66 223
65 224 66 233
65 234 66 236
65 237 66 237
65 238 66 239
65 240 66 244
65 245 66 245
65 246 66 246
65 247 66 249
67 0 68 10
67 11 68 13
67 14 68 18
67 19 68 21
67 22 68 24
67 25 68 36
67 37 68 42
67 43 68 53
67 54 68 55
67 56 68 58
67 59 68 63
67 64 68 69
67 70 68 73
67 74 68 74
67 75 68 76
67 77 68 77
67 78 68 81
67 82 68 86
67 87 68 89
67 90 68 98
67 99 68 99
67 100 68 100
67 101 68 101
67 102 68 105
67 106 68 109
67 110 68 112
67 113 68 114
67 115 68 115
67 116 68 119
67 120 68 120
67 121 68 124
67 125 68 125
67 126 68 126
67 127 68 130
67 131 68 132
67 133 68 134
67 135 68 138
67 139 68 142
67 143 68 143
67 144 68 145
67 146 68 146
67 147 68 149
67 150 68 150
67 151 68 151
67 152 68 154
67 155 68 155
67 156 68 158
67 159 68 160
67 161 68 163
67 164 68 167
67 168 68 170
67 171 68 173
67 174 68 175
67 176 68 177
67 178 68 183
67 184 68 184
67 185 68 186
67 187 68 188
67 189 68 189
67 190 68 190
67 191 68 194
67 195 68 198
67 199 68 201
67 202 68 204
67 205 68 205
67 206 68 207
67 208 68 208
67 209 68 212
67 213 68 214
67 215 68 222
67 223 68 223
67 224 68 233
67 234 68 236
67 237 68 237
67 238 68 239
67 240 68 244
67 245 68 245
67 246 68 246
67 247 68 249
69 0 72 10
69 11 72 13
69 14 72 18
69 19 72 21
69 22 72 24
69 25 72 36
69 37 72 42
69 43 72 53
69 54 72 55
69 56 72 58
69 59 72 63
69 64 72 69
69 70 72 73
69 74 72 74
69 75 72 76
69 77 72 77
69 78 72 81
69 82 72 86
69 87 72 89
69 90 72 98
69 99 72 99
69 100 72 100
69 101 72 101
69 102 72 105
69 106 72 109
69 110 72 112
69 113 72 114
69 115 72 115
69 116 72 119
69 120 72 120
69 121 72 124
69 125 72 125
69 126 72 126
69 127 72 130
69 131 72 132
69 133 72 134
69 135 72 138
69 139 72 142
69 143 72 143
69 144 72 145
69 146 72 146
69 147 72 149
69 150 72 150
69 151 72 151
69 152 72 154
69 155 72 155
69 156 72 158
69 159 72 160
69 161 72 163
69 164 72 167
69 168 72 170
69 171 72 173
69 174 72 175
69 176 72 177
69 178 72 183
69 184 72 184
69 185 72 186
69 187 72 188
69 189 72 189
69 190 72 190
69 191 72 194
69 195 72 198
69 199 72 201
69 202 72 204
69 205 72 205
69 206 72 207
69 208 72 208
69 209 72 212
69 213 72 214
69 215 72 222
69 223 72 223
69 224 72 233
69 234 72 236
69 237 72 237
69 238 72 239
69 240 72 244
69 245 72 245
69 246 72 246
69 247 72 249
73 0 76 10
73 11 76 13
73 14 76 18
73 19 76 21
73 22 76 24
73 25 76 36
73 37 76 42
73 43 76 53
73 54 76 55
73 56 76 58
73 59 76 63
73 64 76 69
73 70 76 73
73 74 76 74
73 75 76 76
73 77 76 77
73 78 76 81
73 82 76 86
73 87 76 89
73 90 76 98
73 99 76 99
73 100 76 100
73 101 76 101
73 102 76 105
73 106 76 109
73 110 76 112
73 113 76 114
73 115 76 115
73 116 76 119
73 120 76 120
73 121 76 124
73 125 76 125
73 126 76 126
73 127 76 130
73 131 76 132
73 133 76 134
73 135 76 138
73 139 76 142
73 143 76 143
73 144 76 145
73 146 76 146
73 147 76 149
73 150 76 150
73 151 76 151
73 152 76 154
73 155 76 155
73 156 76 158
73 159 76 160
73 161 76 163
73 164 76 167
73 168 76 170
73 171 76 173
73 174 76 175
73 176 76 177
73 178 76 183
73 184 76 184
73 185 76 186
73 187 76 188
73 189 76 189
73 190 76 190
73 191 76 194
73 195 76 198
73 199 76 201
73 202 76 204
73 205 76 205
73 206 76 207
73 208 76 208
73 209 76 212
73 213 76 214
73 215 76 222
73 223 76 223
73 224 76 233
73 234 76 236
73 237 76 237
73 238 76 239
73 240 76 244
73 245 76 245
73 246 76 246
73 247 76 249
77 0 82 10
77 11 82 13
77 14 82 18
77 19 82 21
77 22 82 24
77 25 82 36
77 37 82 42
77 43 82 53
77 54 82 55
77 56 82 58
77 59 82 63
77 64 82 69
77 70 82 73
77 74 82 74
77 75 82 76
77 77 82 77
77 78 82 81
77 82 82 86
77 87 82 89
77 90 82 98
77 99 82 99
77 100 82 100
77 101 82 101
77 102 82 105
77 106 82 109
77 110 82 112
77 113 82 114
77 115 82 115
77 116 82 119
77 120 82 120
77 121 82 124
77 125 82 125
77 126 82 126
77 127 82 130
77 131 82 132
77 133 82 134
77 135 82 138
77 139 82 142
77 143 82 143
77 144 82 145
77 146 82 146
77 147 82 149
77 150 82 150
77 151 82 151
77 152 82 154
77 155 82 155
77 156 82 158
77 159 82 160
77 161 82 163
77 164 82 167
77 168 82 170
77 171 82 173
77 174 82 175
77 176 82 177
77 178 82 183
77 184 82 184
77 185 82 186
77 187 82 188
77 189 82 189
77 190 82 190
77 191 82 194
77 195 82 198
77 199 82 201
77 202 82 204
77 205 82 205
77 206 82 207
77 208 82 208
77 209 82 212
77 213 82 214
77 215 82 222
77 223 82 223
77 224 82 233
77 234 82 236
77 237 82 237
77 238 82 239
77 240 82 244
77 245 82 245
77 246 82 246
77 247 82 249
83 0 85 10
83 11 85 13
83 14 85 18
83 19 85 21
83 22 85 24
83 25 85 36
83 37 85 42
83 43 85 53
83 54 85 55
83 56 85 58
83 59 85 63
83 64 85 69
83 70 85 73
83 74 85 74
83 75 85 76
83 77 85 77
83 78 85 81
83 82 85 86
83 87 85 89
83 90 85 98
83 99 85 99
83 100 85 100
83 101 85 101
83 102 85 105
83 106 85 109
83 110 85 112
83 113 85 114
83 115 85 115
83 116 85 119
83 120 85 120
83 121 85 124
83 125 85 125
83 126 85 126
83 127 85 130
83 131 85 132
83 133 85 134
83 135 85 138
83 139 85 142
83 143 85 143
83 144 85 145
83 146 85 146
83 147 85 149
83 150 85 150
83 151 85 151
83 152 85 154
83 155 85 155
83 156 85 158
83 159 85 160
83 161 85 163
83 164 85 167
83 168 85 170
83 171 85 173
83 174 85 175
83 176 85 177
83 178 85 183
83 184 85 184
83 185 85 186
83 187 85 188
83 189 85 189
83 190 85 190
83 191 85 194
83 195 85 198
83 199 85 201
83 202 85 204
83 205 85 205
83 206 85 207
83 208 85 208
83 209 85 212
83 213 85 214
83 215 85 222
83 223 85 223
83 224 85 233
83 234 85 236
83 237 85 237
83 238 85 239
83 240 85 244
83 245 85 245
83 246 85 246
83 247 85 249
86 0 87 10
86 11 87 13
86 14 87 18
86 19 87 21
86 22 87 24
86 25 87 36
86 37 87 42
86 43 87 53
86 54 87 55
86 56 87 58
86 59 87 63
86 64 87 69
86 70 87 73
86 74 87 74
86 75 87 76
86 77 87 77
86 78 87 81
86 82 87 86
86 87 87 89
86 90 87 98
86 99 87 99
86 100 87 100
86 101 87 101
86 102 87 105
86 106 87 109
86 110 87 112
86 113 87 114
86 115 87 115
86 116 87 119
86 120 87 120
86 121 87 124
86 125 87 125
86 126 87 126
86 127 87 130
86 131 87 132
86 133 87 134
86 135 87 138
86 139 87 142
86 143 87 143
86 144 87 145
86 146 87 146
86 147 87 149
86 150 87 150
86 151 87 151
86 152 87 154
86 155 87 155
86 156 87 158
86 159 87 160
86 161 87 163
86 164 87 167
86 168 87 170
86 171 87 173
86 174 87 175
86 176 87 177
86 178 87 183
86 184 87 184
86 185 87 186
86 187 87 188
86 189 87 189
86 190 87 190
86 191 87 194
86 195 87 198
86 199 87 201
86 202 87 204
86 205 87 205
86 206 87 207
86 208 87 208
86 209 87 212
86 213 87 214
86 215 87 222
86 223 87 223
86 224 87 233
86 234 87 236
86 237 87 237
86 238 87 239
86 240 87 244
86 245 87 245
86 246 87 246
86 247 87 249
88 0 88 10
88 11 88 13
88 14 88 18
88 19 88 21
88 22 88 24
88 25 88 36
88 37 88 42
88 43 88 53
88 54 88 55
88 56 88 58
88 59 88 63
88 64 88 69
88 70 88 73
88 74 88 74
88 75 88 76
88 77 88 77
88 78 88 81
88 82 88 86
88 87 88 89
88 90 88 98
88 99 88 99
88 100 88 100
88 101 88 101
88 102 88 105
88 106 88 109
88 110 88 112
88 113 88 114
88 115 88 115
88 116 88 119
88 120 88 120
88 121 88 124
88 125 88 125
88 126 88 126
88 127 88 130
88 131 88 132
88 133 88 134
88 135 88 138
88 139 88 142
88 143 88 143
88 144 88 145
88 146 88 146
88 147 88 149
88 150 88 150
88 151 88 151
88 152 88 154
88 155 88 155
88 156 88 158
88 159 88 160
88 161 88 163
88 164 88 167
88 168 88 170
88 171 88 173
88 174 88 175
88 176 88 177
88 178 88 183
88 184 88 184
88 185 88 186
88 187 88 188
88 189 88 189
88 190 88 190
88 191 88 194
88 195 88 198
88 199 88 201
88 202 88 204
88 205 88 205
88 206 88 207
88 208 88 208
88 209 88 212
88 213 88 214
88 215 88 222
88 223 88 223
88 224 88 233
88 234 88 236
88 237 88 237
88 238 88 239
88 240 88 244
88 245 88 245
88 246 88 246
88 247 88 249
89 0 90 10
89 11 90 13
89 14 90 18
89 19 90 21
89 22 90 24
89 25 90 36
89 37 90 42
89 43 90 53
89 54 90 55
89 56 90 58
89 59 90 63
89 64 90 69
89 70 90 73
89 74 90 74
89 75 90 76
89 77 90 77
89 78 90 81
89 82 90 86
89 87 90 89
89 90 90 98
89 99 90 99
89 100 90 100
89 101 90 101
89 102 90 105
89 106 90 109
89 110 90 112
89 113 90 114
89 115 90 115
89 116 90 119
89 120 90 120
89 121 90 124
89 125 90 125
89 126 90 126
89 127 90 130
89 131 90 132
89 133 90 134
89 135 90 138
89 139 90 142
89 143 90 143
89 144 90 145
89 146 90 146
89 147 90 149
89 150 90 150
89 151 90 151
89 152 90 154
89 155 90 155
89 156 90 158
89 159 90 160
89 161 90 163
89 164 90 167
89 168 90 170
89 171 90 173
89 174 90 175
89 176 90 177
89 178 90 183
89 184 90 184
89 185 90 186
89 187 90 188
89 189 90 189
89 190 90 190
89 191 90 194
89 195 90 198
89 199 90 201
89 202 90 204
89 205 90 205
89 206 90 207
89 208 90 208
89 209 90 212
89 213 90 214
89 215 90 222
89 223 90 223
89 224 90 233
89 234 90 236
89 237 90 237
89 238 90 239
89 240 90 244
89 245 90 245
89 246 90 246
89 247 90 249
91 0 92 10
91 11 92 13
91 14 92 18
91 19 92 21
91 22 92 24
91 25 92 36
91 37 92 42
91 43 92 53
91 54 92 55
91 56 92 58
91 59 92 63
91 64 92 69
91 70 92 73
91 74 92 74
91 75 92 76
91 77 92 77
91 78 92 81
91 82 92 86
91 87 92 89
91 90 92 98
91 99 92 99
91 100 92 100
91 101 92 101
91 102 92 105
91 106 92 109
91 110 92 112
91 113 92 114
91 115 92 115
91 116 92 119
91 120 92 120
91 121 92 124
91 125 92 125
91 126 92 126
91 127 92 130
91 131 92 132
91 133 92 134
91 135 92 138
91 139 92 142
91 143 92 143
91 144 92 145
91 146 92 146
91 147 92 149
91 150 92 150
91 151 92 151
91 152 92 154
91 155 92 155
91 156 92 158
91 159 92 160
91 161 92 163
91 164 92 167
91 168 92 170
91 171 92 173
91 174 92 175
91 176 92 177
91 178 92 183
91 184 92 184
91 185 92 186
91 187 92 188
91 189 92 189
91 190 92 190
91 191 92 194
91 195 92 198
91 199 92 201
91 202 92 204
91 205 92 205
91 206 92 207
91 208 92 208
91 209 92 212
91 213 92 214
91 215 92 222
91 223 92 223
91 224 92 233
91 234 92 236
91 237 92 237
91 238 92 239
91 240 92 244
91 245 92 245
91 246 92 246
91 247 92 249
93 0 95 10
93 11 95 13
93 14 95 18
93 19 95 21
93 22 95 24
93 25 95 36
93 37 95 42
93 43 95 53
93 54 95 55
93 56 95 58
93 59 95 63
93 64 95 69
93 70 95 73
93 74 95 74
93 75 95 76
93 77 95 77
93 78 95 81
93 82 95 86
93 87 95 89
93 90 95 98
93 99 95 99
93 100 95 100
93 101 95 101
93 102 95 105
93 106 95 109
93 110 95 112
93 113 95 114
93 115 95 115
93 116 95 119
93 120 95 120
93 121 95 124
93 125 95 125
93 126 95 126
93 127 95 130
93 131 95 132
93 133 95 134
93 135 95 138
93 139 95 142
93 143 95 143
93 144 95 145
93 146 95 146
93 147 95 149
93 150 95 150
93 151 95 151
93 152 95 154
93 155 95 155
93 156 95 158
93 159 95 160
93 161 95 163
93 164 95 167
93 168 95 170
93 171 95 173
93 174 95 175
93 176 95 177
93 178 95 183
93 184 95 184
93 185 95 186
93 187 95 188
93 189 95 189
93 190 95 190
93 191 95 194
93 195 95 198
93 199 95 201
93 202 95 204
93 205 95 205
93 206 95 207
93 208 95 208
93 209 95 212
93 213 95 214
93 215 95 222
93 223 95 223
93 224 95 233
93 234 95 236
93 237 95 237
93 238 95 239
93 240 95 244
93 245 95 245
93 246 95 246
93 247 95 249
96 0 99 10
96 11 99 13
96 14 99 18
96 19 99 21
96 22 99 24
96 25 99 36
96 37 99 42
96 43 99 53
96 54 99 55
96 56 99 58
96 59 99 63
96 64 99 69
96 70 99 73
96 74 99 74
96 75 99 76
96 77 99 77
96 78 99 81
96 82 99 86
96 87 99 89
96 90 99 98
96 99 99 99
96 100 99 100
96 101 99 101
96 102 99 105
96 106 99 109
96 110 99 112
96 113 99 114
96 115 99 115
96 116 99 119
96 120 99 120
96 121 99 124
96 125 99 125
96 126 99 126
96 127 99 130
96 131 99 132
96 133 99 134
96 135 99 138
96 139 99 142
96 143 99 143
96 144 99 145
96 146 99 146
96 147 99 149
96 150 99 150
96 151 99 151
96 152 99 154
96 155 99 155
96 156 99 158
96 159 99 160
96 161 99 163
96 164 99 167
96 168 99 170
96 171 99 173
96 174 99 175
96 176 99 177
96 178 99 183
96 184 99 184
96 185 99 186
96 187 99 188
96 189 99 189
96 190 99 190
96 191 99 194
96 195 99 198
96 199 99 201
96 202 99 204
96 205 99 205
96 206 99 207
96 208 99 208
96 209 99 212
96 213 99 214
96 215 99 222
96 223 99 223
96 224 99 233
96 234 99 236
96 237 99 237
96 238 99 239
96 240 99 244
96 245 99 245
96 246 99 246
96 247 99 249
100 0 103 10
100 11 103 13
100 14 103 18
100 19 103 21
100 22 103 24
100 25 103 36
100 37 103 42
100 43 103 53
100 54 103 55
100 56 103 58
100 59 103 63
100 64 103 69
100 70 103 73
100 74 103 74
100 75 103 76
100 77 103 77
100 78 103 81
100 82 103 86
100 87 103 89
100 90 103 98
100 99 103 99
100 100 103 100
100 101 103 101
100 102 103 105
100 106 103 109
100 110 103 112
100 113 103 114
100 115 103 115
100 116 103 119
100 120 103 120
100 121 103 124
100 125 103 125
100 126 103 126
100 127 103 130
100 131 103 132
100 133 103 134
100 135 103 138
100 139 103 142
100 143 103 143
100 144 103 145
100 146 103 146
100 147 103 149
100 150 103 150
100 151 103 151
100 152 103 154
100 155 103 155
100 156 103 158
100 159 103 160
100 161 103 163
100 164 103 167
100 168 103 170
100 171 103 173
100 174 103 175
100 176 103 177
100 178 103 183
100 184 103 184
100 185 103 186
100 187 103 188
100 189 103 189
100 190 103 190
100 191 103 194
100 195 103 198
100 199 103 201
100 202 103 204
100 205 103 205
100 206 103 207
100 208 103 208
100 209 103 212
100 213 103 214
100 215 103 222
100 223 103 223
100 224 103 233
100 234 103 236
100 237 103 237
100 238 103 239
100 240 103 244
100 245 103 245
100 246 103 246
100 247 103 249
104 0 105 10
104 11 105 13
104 14 105 18
104 19 105 21
104 22 105 24
104 25 105 36
104 37 105 42
104 43 105 53
104 54 105 55
104 56 105 58
104 59 105 63
104 64 105 69
104 70 105 73
104 74 105 74
104 75 105 76
104 77 105 77
104 78 105 81
104 82 105 86
104 87 105 89
104 90 105 98
104 99 105 99
104 100 105 100
104 101 105 101
104 102 105 105
104 106 105 109
104 110 105 112
104 113 105 114
104 115 105 115
104 116 105 119
104 120 105 120
104 121 105 124
104 125 105 125
104 126 105 126
104 127 105 130
104 131 105 132
104 133 105 134
104 135 105 138
104 139 105 142
104 143 105 143
104 144 105 145
104 146 105 146
104 147 105 149
104 150 105 150
104 151 105 151
104 152 105 154
104 155 105 155
104 156 105 158
104 159 105 160
104 161 105 163
104 164 105 167
104 168 105 170
104 171 105 173
104 174 105 175
104 176 105 177
104 178 105 183
104 184 105 184
104 185 105 186
104 187 105 188
104 189 105 189
104 190 105 190
104 191 105 194
104 195 105 198
104 199 105 201
104 202 105 204
104 205 105 205
104 206 105 207
104 208 105 208
104 209 105 212
104 213 105 214
104 215 105 222
104 223 105 223
104 224 105 233
104 234 105 236
104 237 105 237
104 238 105 239
104 240 105 244
104 245 105 245
104 246 105 246
104 247 105 249
106 0 106 10
106 11 106 13
106 14 106 18
106 19 106 21
106 22 106 24
106 25 106 36
106 37 106 42
106 43 106 53
106 54 106 55
106 56 106 58
106 59 106 63
106 64 106 69
106 70 106 73
106 74 106 74
106 75 106 76
106 77 106 77
106 78 106 81
106 82 106 86
106 87 106 89
106 90 106 98
106 99 106 99
106 100 106 100
106 101 106 101
106 102 106 105
106 106 106 109
106 110 106 112
106 113 106 114
106 115 106 115
106 116 106 119
106 120 106 120
106 121 106 124
106 125 106 125
106 126 106 126
106 127 106 130
106 131 106 132
106 133 106 134
106 135 106 138
106 139 106 142
106 143 106 143
106 144 106 145
106 146 106 146
106 147 106 149
106 150 106 150
106 151 106 151
106 152 106 154
106 155 106 155
106 156 106 158
106 159 106 160
106 161 106 163
106 164 106 167
106 168 106 170
106 171 106 173
106 174 106 175
106 176 106 177
106 178 106 183
106 184 106 184
106 185 106 186
106 187 106 188
106 189 106 189
106 190 106 190
106 191 106 194
106 195 106 198
106 199 106 201
106 202 106 204
106 205 106 205
106 206 106 207
106 208 106 208
106 209 106 212
106 213 106 214
106 215 106 222
106 223 106 223
106 224 106 233
106 234 106 236
106 237 106 237
106 238 106 239
106 240 106 244
106 245 106 245
106 246 106 246
106 247 106 249
107 0 109 10
107 11 109 13
107 14 109 18
107 19 109 21
107 22 109 24
107 25 109 36
107 37 109 42
107 43 109 53
107 54 109 55
107 56 109 58
107 59 109 63
107 64 109 69
107 70 109 73
107 74 109 74
107 75 109 76
107 77 109 77
107 78 109 81
107 82 109 86
107 87 109 89
107 90 109 98
107 99 109 99
107 100 109 100
107 101 109 101
107 102 109 105
107 106 109 109
107 110 109 112
107 113 109 114
107 115 109 115
107 116 109 119
107 120 109 120
107 121 109 124
107 125 109 125
107 126 109 126
107 127 109 130
107 131 109 132
107 133 109 134
107 135 109 138
107 139 109 142
107 143 109 143
107 144 109 145
107 146 109 146
107 147 109 149
107 150 109 150
107 151 109 151
107 152 109 154
107 155 109 155
107 156 109 158
107 159 109 160
107 161 109 163
107 164 109 167
107 168 109 170
107 171 109 173
107 174 109 175
107 176 109 177
107 178 109 183
107 184 109 184
107 185 109 186
107 187 109 188
107 189 109 189
107 190 109 190
107 191 109 194
107 195 109 198
107 199 109 201
107 202 109 204
107 205 109 205
107 206 109 207
107 208 109 208
107 209 109 212
107 213 109 214
107 215 109 222
107 223 109 223
107 224 109 233
107 234 109 236
107 237 109 237
107 238 109 239
107 240 109 244
107 245 109 245
107 246 109 246
107 247 109 249
110 0 110 10
110 11 110 13
110 14 110 18
110 19 110 21
110 22 110 24
110 25 110 36
110 37 110 42
110 43 110 53
110 54 110 55
110 56 110 58
110 59 110 63
110 64 110 69
110 70 110 73
110 74 110 74
110 75 110 76
110 77 110 77
110 78 110 81
110 82 110 86
110 87 110 89
110 90 110 98
110 99 110 99
110 100 110 100
110 101 110 101
110 102 110 105
110 106 110 109
110 110 110 112
110 113 110 114
110 115 110 115
110 116 110 119
110 120 110 120
110 121 110 124
110 125 110 125
110 126 110 126
110 127 110 130
110 131 110 132
110 133 110 134
110 135 110 138
110 139 110 142
110 143 110 143
110 144 110 145
110 146 110 146
110 147 110 149
110 150 110 150
110 151 110 151
110 152 110 154
110 155 110 155
110 156 110 158
110 159 110 160
110 161 110 163
110 164 110 167
110 168 110 170
110 171 110 173
110 174 110 175
110 176 110 177
110 178 110 183
110 184 110 184
110 185 110 186
110 187 110 188
110 189 110 189
110 190 110 190
110 191 110 194
110 195 110 198
110 199 110 201
110 202 110 204
110 205 110 205
110 206 110 207
110 208 110 208
110 209 110 212
110 213 110 214
110 215 110 222
110 223 110 223
110 224 110 233
110 234 110 236
110 237 110 237
110 238 110 239
110 240 110 244
110 245 110 245
110 246 110 246
110 247 110 249
111 0 112 10
111 11 112 13
111 14 112 18
111 19 112 21
111 22 112 24
111 25 112 36
111 37 112 42
111 43 112 53
111 54 112 55
111 56 112 58
111 59 112 63
111 64 112 69
111 70 112 73
111 74 112 74
111 75 112 76
111 77 112 77
111 78 112 81
111 82 112 86
111 87 112 89
111 90 112 98
111 99 112 99
111 100 112 100
111 101 112 101
111 102 112 105
111 106 112 109
111 110 112 112
111 113 112 114
111 115 112 115
111 116 112 119
111 120 112 120
111 121 112 124
111 125 112 125
111 126 112 126
111 127 112 130
111 131 112 132
111 133 112 134
111 135 112 138
111 139 112 142
111 143 112 143
111 144 112 145
111 146 112 146
111 147 112 149
111 150 112 150
111 151 112 151
111 152 112 154
111 155 112 155
111 156 112 158
111 159 112 160
111 161 112 163
111 164 112 167
111 168 112 170
111 171 112 173
111 174 112 175
111 176 112 177
111 178 112 183
111 184 112 184
111 185 112 186
111 187 112 188
111 189 112 189
111 190 112 190
111 191 112 194
111 195 112 198
111 199 112 201
111 202 112 204
111 205 112 205
111 206 112 207
111 208 112 208
111 209 112 212
111 213 112 214
111 215 112 222
111 223 112 223
111 224 112 233
111 234 112 236
111 237 112 237
111 238 112 239
111 240 112 244
111 245 112 245
111 246 112 246
111 247 112 249
113 0 115 10
113 11 115 13
113 14 115 18
113 19 115 21
113 22 115 24
113 25 115 36
113 37 115 42
113 43 115 53
113 54 115 55
113 56 115 58
113 59 115 63
113 64 115 69
113 70 115 73
113 74 115 74
113 75 115 76
113 77 115 77
113 78 115 81
113 82 115 86
113 87 115 89
113 90 115 98
113 99 115 99
113 100 115 100
113 101 115 101
113 102 115 105
113 106 115 109
113 110 115 112
113 113 115 114
113 115 115 115
113 116 115 119
113 120 115 120
113 121 115 124
113 125 115 125
113 126 115 126
113 127 115 130
113 131 115 132
113 133 115 134
113 135 115 138
113 139 115 142
113 143 115 143
113 144 115 145
113 146 115 146
113 147 115 149
113 150 115 150
113 151 115 151
113 152 115 154
113 155 115 155
113 156 115 158
113 159 115 160
113 161 115 163
113 164 115 167
113 168 115 170
113 171 115 173
113 174 115 175
113 176 115 177
113 178 115 183
113 184 115 184
113 185 115 186
113 187 115 188
113 189 115 189
113 190 115 190
113 191 115 194
113 195 115 198
113 199 115 201
113 202 115 204
113 205 115 205
113 206 115 207
113 208 115 208
113 209 115 212
113 213 115 214
113 215 115 222
113 223 115 223
113 224 115 233
113 234 115 236
113 237 115 237
113 238 115 239
113 240 115 244
113 245 115 245
113 246 115 246
113 247 115 249
116 0 118 10
116 11 118 13
116 14 118 18
116 19 118 21
116 22 118 24
116 25 118 36
116 37 118 42
116 43 118 53
116 54 118 55
116 56 118 58
116 59 118 63
116 64 118 69
116 70 118 73
116 74 118 74
116 75 118 76
116 77 118 77
116 78 118 81
116 82 118 86
116 87 118 89
116 90 118 98
116 99 118 99
116 100 118 100
116 101 118 101
116 102 118 105
116 106 118 109
116 110 118 112
116 113 118 114
116 115 118 115
116 116 118 119
116 120 118 120
116 121 118 124
116 125 118 125
116 126 118 126
116 127 118 130
116 131 118 132
116 133 118 134
116 135 118 138
116 139 118 142
116 143 118 143
116 144 118 145
116 146 118 146
116 147 118 149
116 150 118 150
116 151 118 151
116 152 118 154
116 155 118 155
116 156 118 158
116 159 118 160
116 161 118 163
116 164 118 167
116 168 118 170
116 171 118 173
116 174 118 175
116 176 118 177
116 178 118 183
116 184 118 184
116 185 118 186
116 187 118 188
116 189 118 189
116 190 118 190
116 191 118 194
116 195 118 198
116 199 118 201
116 202 118 204
116 205 118 205
116 206 118 207
116 208 118 208
116 209 118 212
116 213 118 214
116 215 118 222
116 223 118 223
116 224 118 233
116 234 118 236
116 237 118 237
116 238 118 239
116 240 118 244
116 245 118 245
116 246 118 246
116 247 118 249
119 0 119 10
119 11 119 13
119 14 119 18
119 19 119 21
119 22 119 24
119 25 119 36
119 37 119 42
119 43 119 53
119 54 119 55
119 56 119 58
119 59 119 63
119 64 119 69
119 70 119 73
119 74 119 74
119 75 119 76
119 77 119 77
119 78 119 81
119 82 119 86
119 87 119 89
119 90 119 98
119 99 119 99
119 100 119 100
119 101 119 101
119 102 119 105
119 106 119 109
119 110 119 112
119 113 119 114
119 115 119 115
119 116 119 119
119 120 119 120
119 121 119 124
119 125 119 125
119 126 119 126
119 127 119 130
119 131 119 132
119 133 119 134
119 135 119 138
119 139 119 142
119 143 119 143
119 144 119 145
119 146 119 146
119 147 119 149
119 150 119 150
119 151 119 151
119 152 119 154
119 155 119 155
119 156 119 158
119 159 119 160
119 161 119 163
119 164 119 167
119 168 119 170
119 171 119 173
119 174 119 175
119 176 119 177
119 178 119 183
119 184 119 184
119 185 119 186
119 187 119 188
119 189 119 189
119 190 119 190
119 191 119 194
119 195 119 198
119 199 119 201
119 202 119 204
119 205 119 205
119 206 119 207
119 208 119 208
119 209 119 212
119 213 119 214
119 215 119 222
119 223 119 223
119 224 119 233
119 234 119 236
119 237 119 237
119 238 119 239
119 240 119 244
119 245 119 245
119 246 119 246
119 247 119 249
120 0 124 10
120 11 124 13
120 14 124 18
120 19 124 21
120 22 124 24
120 25 124 36
120 37 124 42
120 43 124 53
120 54 124 55
120 56 124 58
120 59 124 63
120 64 124 69
120 70 124 73
120 74 124 74
120 75 124 76
120 77 124 77
120 78 124 81
120 82 124 86
120 87 124 89
120 90 124 98
120 99 124 99
120 100 124 100
120 101 124 101
120 102 124 105
120 106 124 109
120 110 124 112
120 113 124 114
120 115 124 115
120 116 124 119
120 120 124 120
120 121 124 124
120 125 124 125
120 126 124 126
120 127 124 130
120 131 124 132
120 133 124 134
120 135 124 138
120 139 124 142
120 143 124 143
120 144 124 145
120 146 124 146
120 147 124 149
120 150 124 150
120 151 124 151
120 152 124 154
120 155 124 155
120 156 124 158
120 159 124 160
120 161 124 163
120 164 124 167
120 168 124 170
120 171 124 173
120 174 124 175
120 176 124 177
120 178 124 183
120 184 124 184
120 185 124 186
120 187 124 188
120 189 124 189
120 190 124 190
120 191 124 194
120 195 124 198
120 199 124 201
120 202 124 204
120 205 124 205
120 206 124 207
120 208 124 208
120 209 124 212
120 213 124 214
120 215 124 222
120 223 124 223
120 224 124 233
120 234 124 236
120 237 124 237
120 238 124 239
120 240 124 244
120 245 124 245
120 246 124 246
120 247 124 249
125 0 125 10
125 11 125 13
125 14 125 18
125 19 125 21
125 22 125 24
125 25 125 36
125 37 125 42
125 43 125 53
125 54 125 55
125 56 125 58
125 59 125 63
125 64 125 69
125 70 125 73
125 74 125 74
125 75 125 76
125 77 125 77
125 78 125 81
125 82 125 86
125 87 125 89
125 90 125 98
125 99 125 99
125 100 125 100
125 101 125 101
125 102 125 105
125 106 125 109
125 110 125 112
125 113 125 114
125 115 125 115
125 116 125 119
125 120 125 120
125 121 125 124
125 125 125 125
125 126 125 126
125 127 125 130
125 131 125 132
125 133 125 134
125 135 125 138
125 139 125 142
125 143 125 143
125 144 125 145
125 146 125 146
125 147 125 149
125 150 125 150
125 151 125 151
125 152 125 154
125 155 125 155
125 156 125 158
125 159 125 160
125 161 125 163
125 164 125 167
125 168 125 170
125 171 125 173
125 174 125 175
125 176 125 177
125 178 125 183
125 184 125 184
125 185 125 186
125 187 125 188
125 189 125 189
125 190 125 190
125 191 125 194
125 195 125 198
125 199 125 201
125 202 125 204
125 205 125 205
125 206 125 207
125 208 125 208
125 209 125 212
125 213 125 214
125 215 125 222
125 223 125 223
125 224 125 233
125 234 125 236
125 237 125 237
125 238 125 239
125 240 125 244
125 245 125 245
125 246 125 246
125 247 125 249
126 0 128 10
126 11 128 13
126 14 128 18
126 19 128 21
126 22 128 24
126 25 128 36
126 37 128 42
126 43 128 53
126 54 128 55
126 56 128 58
126 59 128 63
126 64 128 69
126 70 128 73
126 74 128 74
126 75 128 76
126 77 128 77
126 78 128 81
126 82 128 86
126 87 128 89
126 90 128 98
126 99 128 99
126 100 128 100
126 101 128 101
126 102 128 105
126 106 128 109
126 110 128 112
126 113 128 114
126 115 128 115
126 116 128 119
126 120 128 120
126 121 128 124
126 125 128 125
126 126 128 126
126 127 128 130
126 131 128 132
126 133 128 134
126 135 128 138
126 139 128 142
126 143 128 143
126 144 128 145
126 146 128 146
126 147 128 149
126 150 128 150
126 151 128 151
126 152 128 154
126 155 128 155
126 156 128 158
126 159 128 160
126 161 128 163
126 164 128 167
126 168 128 170
126 171 128 173
126 174 128 175
126 176 128 177
126 178 128 183
126 184 128 184
126 185 128 186
126 187 128 188
126 189 128 189
126 190 128 190
126 191 128 194
126 195 128 198
126 199 128 201
126 202 128 204
126 205 128 205
126 206 128 207
126 208 128 208
126 209 128 212
126 213 128 214
126 215 128 222
126 223 128 223
126 224 128 233
126 234 128 236
126 237 128 237
126 238 128 239
126 240 128 244
126 245 128 245
126 246 128 246
126 247 128 249
129 0 130 10
129 11 130 13
129 14 130 18
129 19 130 21
129 22 130 24
129 25 130 36
129 37 130 42
129 43 130 53
129 54 130 55
129 56 130 58
129 59 130 63
129 64 130 69
129 70 130 73
129 74 130 74
129 75 130 76
129 77 130 77
129 78 130 81
129 82 130 86
129 87 130 89
129 90 130 98
129 99 130 99
129 100 130 100
129 101 130 101
129 102 130 105
129 106 130 109
129 110 130 112
129 113 130 114
129 115 130 115
129 116 130 119
129 120 130 120
129 121 130 124
129 125 130 125
129 126 130 126
129 127 130 130
129 131 130 132
129 133 130 134
129 135 130 138
129 139 130 142
129 143 130 143
129 144 130 145
129 146 130 146
129 147 130 149
129 150 130 150
129 151 130 151
129 152 130 154
129 155 130 155
129 156 130 158
129 159 130 160
129 161 130 163
129 164 130 167
129 168 130 170
129 171 130 173
129 174 130 175
129 176 130 177
129 178 130 183
129 184 130 184
129 185 130 186
129 187 130 188
129 189 130 189
129 190 130 190
129 191 130 194
129 195 130 198
129 199 130 201
129 202 130 204
129 205 130 205
129 206 130 207
129 208 130 208
129 209 130 212
129 213 130 214
129 215 130 222
129 223 130 223
129 224 130 233
129 234 130 236
129 237 130 237
129 238 130 239
129 240 130 244
129 245 130 245
129 246 130 246
129 247 130 249
131 0 135 10
131 11 135 13
131 14 135 18
131 19 135 21
131 22 135 24
131 25 135 36
131 37 135 42
131 43 135 53
131 54 135 55
131 56 135 58
131 59 135 63
131 64 135 69
131 70 135 73
131 74 135 74
131 75 135 76
131 77 135 77
131 78 135 81
131 82 135 86
131 87 135 89
131 90 135 98
131 99 135 99
131 100 135 100
131 101 135 101
131 102 135 105
131 106 135 109
131 110 135 112
131 113 135 114
131 115 135 115
131 116 135 119
131 120 135 120
131 121 135 124
131 125 135 125
131 126 135 126
131 127 135 130
131 131 135 132
131 133 135 134
131 135 135 138
131 139 135 142
131 143 135 143
131 144 135 145
131 146 135 146
131 147 135 149
131 150 135 150
131 151 135 151
131 152 135 154
131 155 135 155
131 156 135 158
131 159 135 160
131 161 135 163
131 164 135 167
131 168 135 170
131 171 135 173
131 174 135 175
131 176 135 177
131 178 135 183
131 184 135 184
131 185 135 186
131 187 135 188
131 189 135 189
131 190 135 190
131 191 135 194
131 195 135 198
131 199 135 201
131 202 135 204
131 205 135 205
131 206 135 207
131 208 135 208
131 209 135 212
131 213 135 214
131 215 135 222
131 223 135 223
131 224 135 233
131 234 135 236
131 237 135 237
131 238 135 239
131 240 135 244
131 245 135 245
131 246 135 246
131 247 135 249
136 0 137 10
136 11 137 13
136 14 137 18
136 19 137 21
136 22 137 24
136 25 137 36
136 37 137 42
136 43 137 53
136 54 137 55
136 56 137 58
136 59 137 63
136 64 137 69
136 70 137 73
136 74 137 74
136 75 137 76
136 77 137 77
136 78 137 81
136 82 137 86
136 87 137 89
136 90 137 98
136 99 137 99
136 100 137 100
136 101 137 101
136 102 137 105
136 106 137 109
136 110 137 112
136 113 137 114
136 115 137 115
136 116 137 119
136 120 137 120
136 121 137 124
136 125 137 125
136 126 137 126
136 127 137 130
136 131 137 132
136 133 137 134
136 135 137 138
136 139 137 142
136 143 137 143
136 144 137 145
136 146 137 146
136 147 137 149
136 150 137 150
136 151 137 151
136 152 137 154
136 155 137 155
136 156 137 158
136 159 137 160
136 161 137 163
136 164 137 167
136 168 137 170
136 171 137 173
136 174 137 175
136 176 137 177
136 178 137 183
136 184 137 184
136 185 137 186
136 187 137 188
136 189 137 189
136 190 137 190
136 191 137 194
136 195 137 198
136 199 137 201
136 202 137 204
136 205 137 205
136 206 137 207
136 208 137 208
136 209 137 212
136 213 137 214
136 215 137 222
136 223 137 223
136 224 137 233
136 234 137 236
136 237 137 237
136 238 137 239
136 240 137 244
136 245 137 245
136 246 137 246
136 247 137 249
138 0 138 10
138 11 138 13
138 14 138 18
138 19 138 21
138 22 138 24
138 25 138 36
138 37 138 42
138 43 138 53
138 54 138 55
138 56 138 58
138 59 138 63
138 64 138 69
138 70 138 73
138 74 138 74
138 75 138 76
138 77 138 77
138 78 138 81
138 82 138 86
138 87 138 89
138 90 138 98
138 99 138 99
138 100 138 100
138 101 138 101
138 102 138 105
138 106 138 109
138 110 138 112
138 113 138 114
138 115 138 115
138 116 138 119
138 120 138 120
138 121 138 124
138 125 138 125
138 126 138 126
138 127 138 130
138 131 138 132
138 133 138 134
138 135 138 138
138 139 138 142
138 143 138 143
138 144 138 145
138 146 138 146
138 147 138 149
138 150 138 150
138 151 138 151
138 152 138 154
138 155 138 155
138 156 138 158
138 159 138 160
138 161 138 163
138 164 138 167
138 168 138 170
138 171 138 173
138 174 138 175
138 176 138 177
138 178 138 183
138 184 138 184
138 185 138 186
138 187 138 188
138 189 138 189
138 190 138 190
138 191 138 194
138 195 138 198
138 199 138 201
138 202 138 204
138 205 138 205
138 206 138 207
138 208 138 208
138 209 138 212
138 213 138 214
138 215 138 222
138 223 138 223
138 224 138 233
138 234 138 236
138 237 138 237
138 238 138 239
138 240 138 244
138 245 138 245
138 246 138 246
138 247 138 249
139 0 140 10
139 11 140 13
139 14 140 18
139 19 140 21
139 22 140 24
139 25 140 36
139 37 140 42
139 43 140 53
139 54 140 55
139 56 140 58
139 59 140 63
139 64 140 69
139 70 140 73
139 74 140 74
139 75 140 76
139 77 140 77
139 78 140 81
139 82 140 86
139 87 140 89
139 90 140 98
139 99 140 99
139 100 140 100
139 101 140 101
139 102 140 105
139 106 140 109
139 110 140 112
139 113 140 114
139 115 140 115
139 116 140 119
139 120 140 120
139 121 140 124
139 125 140 125
139 126 140 126
139 127 140 130
139 131 140 132
139 133 140 134
139 135 140 138
139 139 140 142
139 143 140 143
139 144 140 145
139 146 140 146
139 147 140 149
139 150 140 150
139 151 140 151
139 152 140 154
139 155 140 155
139 156 140 158
139 159 140 160
139 161 140 163
139 164 140 167
139 168 140 170
139 171 140 173
139 174 140 175
139 176 140 177
139 178 140 183
139 184 140 184
139 185 140 186
139 187 140 188
139 189 140 189
139 190 140 190
139 191 140 194
139 195 140 198
139 199 140 201
139 202 140 204
139 205 140 205
139 206 140 207
139 208 140 208
139 209 140 212
139 213 140 214
139 215 140 222
139 223 140 223
139 224 140 233
139 234 140 236
139 237 140 237
139 238 140 239
139 240 140 244
139 245 140 245
139 246 140 246
139 247 140 249
141 0 142 10
141 11 142 13
141 14 142 18
141 19 142 21
141 22 142 24
141 25 142 36
141 37 142 42
141 43 142 53
141 54 142 55
141 56 142 58
141 59 142 63
141 64 142 69
141 70 142 73
141 74 142 74
141 75 142 76
141 77 142 77
141 78 142 81
141 82 142 86
141 87 142 89
141 90 142 98
141 99 142 99
141 100 142 100
141 101 142 101
141 102 142 105
141 106 142 109
141 110 142 112
141 113 142 114
141 115 142 115
141 116 142 119
141 120 142 120
141 121 142 124
141 125 142 125
141 126 142 126
141 127 142 130
141 131 142 132
141 133 142 134
141 135 142 138
141 139 142 142
141 143 142 143
141 144 142 145
141 146 142 146
141 147 142 149
141 150 142 150
141 151 142 151
141 152 142 154
141 155 142 155
141 156 142 158
141 159 142 160
141 161 142 163
141 164 142 167
141 168 142 170
141 171 142 173
141 174 142 175
141 176 142 177
141 178 142 183
141 184 142 184
141 185 142 186
141 187 142 188
141 189 142 189
141 190 142 190
141 191 142 194
141 195 142 198
141 199 142 201
141 202 142 204
141 205 142 205
141 206 142 207
141 208 142 208
141 209 142 212
141 213 142 214
141 215 142 222
141 223 142 223
141 224 142 233
141 234 142 236
141 237 142 237
141 238 142 239
141 240 142 244
141 245 142 245
141 246 142 246
141 247 142 249
143 0 144 10
143 11 144 13
143 14 144 18
143 19 144 21
143 22 144 24
143 25 144 36
143 37 144 42
143 43 144 53
143 54 144 55
143 56 144 58
143 59 144 63
143 64 144 69
143 70 144 73
143 74 144 74
143 75 144 76
143 77 144 77
143 78 144 81
143 82 144 86
143 87 144 89
143 90 144 98
143 99 144 99
143 100 144 100
143 101 144 101
143 102 144 105
143 106 144 109
143 110 144 112
143 113 144 114
143 115 144 115
143 116 144 119
143 120 144 120
143 121 144 124
143 125 144 125
143 126 144 126
143 127 144 130
143 131 144 132
143 133 144 134
143 135 144 138
143 139 144 142
143 143 144 143
143 144 144 145
143 146 144 146
143 147 144 149
143 150 144 150
143 151 144 151
143 152 144 154
143 155 144 155
143 156 144 158
143 159 144 160
143 161 144 163
143 164 144 167
143 168 144 170
143 171 144 173
143 174 144 175
143 176 144 177
143 178 144 183
143 184 144 184
143 185 144 186
143 187 144 188
143 189 144 189
143 190 144 190
143 191 144 194
143 195 144 198
143 199 144 201
143 202 144 204
143 205 144 205
143 206 144 207
143 208 144 208
143 209 144 212
143 213 144 214
143 215 144 222
143 223 144 223
143 224 144 233
143 234 144 236
143 237 144 237
143 238 144 239
143 240 144 244
143 245 144 245
143 246 144 246
143 247 144 249
145 0 147 10
145 11 147 13
145 14 147 18
145 19 147 21
145 22 147 24
145 25 147 36
145 37 147 42
145 43 147 53
145 54 147 55
145 56 147 58
145 59 147 63
145 64 147 69
145 70 147 73
145 74 147 74
145 75 147 76
145 77 147 77
145 78 147 81
145 82 147 86
145 87 147 89
145 90 147 98
145 99 147 99
145 100 147 100
145 101 147 101
145 102 147 105
145 106 147 109
145 110 147 112
145 113 147 114
145 115 147 115
145 116 147 119
145 120 147 120
145 121 147 124
145 125 147 125
145 126 147 126
145 127 147 130
145 131 147 132
145 133 147 134
145 135 147 138
145 139 147 142
145 143 147 143
145 144 147 145
145 146 147 146
145 147 147 149
145 150 147 150
145 151 147 151
145 152 147 154
145 155 147 155
145 156 147 158
145 159 147 160
145 161 147 163
145 164 147 167
145 168 147 170
145 171 147 173
145 174 147 175
145 176 147 177
145 178 147 183
145 184 147 184
145 185 147 186
145 187 147 188
145 189 147 189
145 190 147 190
145 191 147 194
145 195 147 198
145 199 147 201
145 202 147 204
145 205 147 205
145 206 147 207
145 208 147 208
145 209 147 212
145 213 147 214
145 215 147 222
145 223 147 223
145 224 147 233
145 234 147 236
145 237 147 237
145 238 147 239
145 240 147 244
145 245 147 245
145 246 147 246
145 247 147 249
148 0 148 10
148 11 148 13
148 14 148 18
148 19 148 21
148 22 148 24
148 25 148 36
148 37 148 42
148 43 148 53
148 54 148 55
148 56 148 58
148 59 148 63
148 64 148 69
148 70 148 73
148 74 148 74
148 75 148 76
148 77 148 77
148 78 148 81
148 82 148 86
148 87 148 89
148 90 148 98
148 99 148 99
148 100 148 100
148 101 148 101
148 102 148 105
148 106 148 109
148 110 148 112
148 113 148 114
148 115 148 115
148 116 148 119
148 120 148 120
148 121 148 124
148 125 148 125
148 126 148 126
148 127 148 130
148 131 148 132
148 133 148 134
148 135 148 138
148 139 148 142
148 143 148 143
148 144 148 145
148 146 148 146
148 147 148 149
148 150 148 150
148 151 148 151
148 152 148 154
148 155 148 155
148 156 148 158
148 159 148 160
148 161 148 163
148 164 148 167
148 168 148 170
148 171 148 173
148 174 148 175
148 176 148 177
148 178 148 183
148 184 148 184
148 185 148 186
148 187 148 188
148 189 148 189
148 190 148 190
148 191 148 194
148 195 148 198
148 199 148 201
148 202 148 204
148 205 148 205
148 206 148 207
148 208 148 208
148 209 148 212
148 213 148 214
148 215 148 222
148 223 148 223
148 224 148 233
148 234 148 236
148 237 148 237
148 238 148 239
148 240 148 244
148 245 148 245
148 246 148 246
148 247 148 249
149 0 151 10
149 11 151 13
149 14 151 18
149 19 151 21
149 22 151 24
149 25 151 36
149 37 151 42
149 43 151 53
149 54 151 55
149 56 151 58
149 59 151 63
149 64 151 69
149 70 151 73
149 74 151 74
149 75 151 76
149 77 151 77
149 78 151 81
149 82 151 86
149 87 151 89
149 90 151 98
149 99 151 99
149 100 151 100
149 101 151 101
149 102 151 105
149 106 151 109
149 110 151 112
149 113 151 114
149 115 151 115
149 116 151 119
149 120 151 120
149 121 151 124
149 125 151 125
149 126 151 126
149 127 151 130
149 131 151 132
149 133 151 134
149 135 151 138
149 139 151 142
149 143 151 143
149 144 151 145
149 146 151 146
149 147 151 149
149 150 151 150
149 151 151 151
149 152 151 154
149 155 151 155
149 156 151 158
149 159 151 160
149 161 151 163
149 164 151 167
149 168 151 170
149 171 151 173
149 174 151 175
149 176 151 177
149 178 151 183
149 184 151 184
149 185 151 186
149 187 151 188
149 189 151 189
149 190 151 190
149 191 151 194
149 195 151 198
149 199 151 201
149 202 151 204
149 205 151 205
149 206 151 207
149 208 151 208
149 209 151 212
149 213 151 214
149 215 151 222
149 223 151 223
149 224 151 233
149 234 151 236
149 237 151 237
149 238 151 239
149 240 151 244
149 245 151 245
149 246 151 246
149 247 151 249
152 0 154 10
152 11 154 13
152 14 154 18
152 19 154 21
152 22 154 24
152 25 154 36
152 37 154 42
152 43 154 53
152 54 154 55
152 56 154 58
152 59 154 63
152 64 154 69
152 70 154 73
152 74 154 74
152 75 154 76
152 77 154 77
152 78 154 81
152 82 154 86
152 87 154 89
152 90 154 98
152 99 154 99
152 100 154 100
152 101 154 101
152 102 154 105
152 106 154 109
152 110 154 112
152 113 154 114
152 115 154 115
152 116 154 119
152 120 154 120
152 121 154 124
152 125 154 125
152 126 154 126
152 127 154 130
152 131 154 132
152 133 154 134
152 135 154 138
152 139 154 142
152 143 154 143
152 144 154 145
152 146 154 146
152 147 154 149
152 150 154 150
152 151 154 151
152 152 154 154
152 155 154 155
152 156 154 158
152 159 154 160
152 161 154 163
152 164 154 167
152 168 154 170
152 171 154 173
152 174 154 175
152 176 154 177
152 178 154 183
152 184 154 184
152 185 154 186
152 187 154 188
152 189 154 189
152 190 154 190
152 191 154 194
152 195 154 198
152 199 154 201
152 202 154 204
152 205 154 205
152 206 154 207
152 208 154 208
152 209 154 212
152 213 154 214
152 215 154 222
152 223 154 223
152 224 154 233
152 234 154 236
152 237 154 237
152 238 154 239
152 240 154 244
152 245 154 245
152 246 154 246
152 247 154 249
155 0 159 10
155 11 159 13
155 14 159 18
155 19 159 21
155 22 159 24
155 25 159 36
155 37 159 42
155 43 159 53
155 54 159 55
155 56 159 58
155 59 159 63
155 64 159 69
155 70 159 73
155 74 159 74
155 75 159 76
155 77 159 77
155 78 159 81
155 82 159 86
155 87 159 89
155 90 159 98
155 99 159 99
155 100 159 100
155 101 159 101
155 102 159 105
155 106 159 109
155 110 159 112
155 113 159 114
155 115 159 115
155 116 159 119
155 120 159 120
155 121 159 124
155 125 159 125
155 126 159 126
155 127 159 130
155 131 159 132
155 133 159 134
155 135 159 138
155 139 159 142
155 143 159 143
155 144 159 145
155 146 159 146
155 147 159 149
155 150 159 150
155 151 159 151
155 152 159 154
155 155 159 155
155 156 159 158
155 159 159 160
155 161 159 163
155 164 159 167
155 168 159 170
155 171 159 173
155 174 159 175
155 176 159 177
155 178 159 183
155 184 159 184
155 185 159 186
155 187 159 188
155 189 159 189
155 190 159 190
155 191 159 194
155 195 159 198
155 199 159 201
155 202 159 204
155 205 159 205
155 206 159 207
155 208 159 208
155 209 159 212
155 213 159 214
155 215 159 222
155 223 159 223
155 224 159 233
155 234 159 236
155 237 159 237
155 238 159 239
155 240 159 244
155 245 159 245
155 246 159 246
155 247 159 249
160 0 160 10
160 11 160 13
160 14 160 18
160 19 160 21
160 22 160 24
160 25 160 36
160 37 160 42
160 43 160 53
160 54 160 55
160 56 160 58
160 59 160 63
160 64 160 69
160 70 160 73
160 74 160 74
160 75 160 76
160 77 160 77
160 78 160 81
160 82 160 86
160 87 160 89
160 90 160 98
160 99 160 99
160 100 160 100
160 101 160 101
160 102 160 105
160 106 160 109
160 110 160 112
160 113 160 114
160 115 160 115
160 116 160 119
160 120 160 120
160 121 160 124
160 125 160 125
160 126 160 126
160 127 160 130
160 131 160 132
160 133 160 134
160 135 160 138
160 139 160 142
160 143 160 143
160 144 160 145
160 146 160 146
160 147 160 149
160 150 160 150
160 151 160 151
160 152 160 154
160 155 160 155
160 156 160 158
160 159 160 160
160 161 160 163
160 164 160 167
160 168 160 170
160 171 160 173
160 174 160 175
160 176 160 177
160 178 160 183
160 184 160 184
160 185 160 186
160 187 160 188
160 189 160 189
160 190 160 190
160 191 160 194
160 195 160 198
160 199 160 201
160 202 160 204
160 205 160 205
160 206 160 207
160 208 160 208
160 209 160 212
160 213 160 214
160 215 160 222
160 223 160 223
160 224 160 233
160 234 160 236
160 237 160 237
160 238 160 239
160 240 160 244
160 245 160 245
160 246 160 246
160 247 160 249
161 0 164 10
161 11 164 13
161 14 164 18
161 19 164 21
161 22 164 24
161 25 164 36
161 37 164 42
161 43 164 53
161 54 164 55
161 56 164 58
161 59 164 63
161 64 164 69
161 70 164 73
161 74 164 74
161 75 164 76
161 77 164 77
161 78 164 81
161 82 164 86
161 87 164 89
161 90 164 98
161 99 164 99
161 100 164 100
161 101 164 101
161 102 164 105
161 106 164 109
161 110 164 112
161 113 164 114
161 115 164 115
161 116 164 119
161 120 164 120
161 121 164 124
161 125 164 125
161 126 164 126
161 127 164 130
161 131 164 132
161 133 164 134
161 135 164 138
161 139 164 142
161 143 164 143
161 144 164 145
161 146 164 146
161 147 164 149
161 150 164 150
161 151 164 151
161 152 164 154
161 155 164 155
161 156 164 158
161 159 164 160
161 161 164 163
161 164 164 167
161 168 164 170
161 171 164 173
161 174 164 175
161 176 164 177
161 178 164 183
161 184 164 184
161 185 164 186
161 187 164 188
161 189 164 189
161 190 164 190
161 191 164 194
161 195 164 198
161 199 164 201
161 202 164 204
161 205 164 205
161 206 164 207
161 208 164 208
161 209 164 212
161 213 164 214
161 215 164 222
161 223 164 223
161 224 164 233
161 234 164 236
161 237 164 237
161 238 164 239
161 240 164 244
161 245 164 245
161 246 164 246
161 247 164 249
165 0 166 10
165 11 166 13
165 14 166 18
165 19 166 21
165 22 166 24
165 25 166 36
165 37 166 42
165 43 166 53
165 54 166 55
165 56 166 58
165 59 166 63
165 64 166 69
165 70 166 73
165 74 166 74
165 75 166 76
165 77 166 77
165 78 166 81
165 82 166 86
165 87 166 89
165 90 166 98
165 99 166 99
165 100 166 100
165 101 166 101
165 102 166 105
165 106 166 109
165 110 166 112
165 113 166 114
165 115 166 115
165 116 166 119
165 120 166 120
165 121 166 124
165 125 166 125
165 126 166 126
165 127 166 130
165 131 166 132
165 133 166 134
165 135 166 138
165 139 166 142
165 143 166 143
165 144 166 145
165 146 166 146
165 147 166 149
165 150 166 150
165 151 166 151
165 152 166 154
165 155 166 155
165 156 166 158
165 159 166 160
165 161 166 163
165 164 166 167
165 168 166 170
165 171 166 173
165 174 166 175
165 176 166 177
165 178 166 183
165 184 166 184
165 185 166 186
165 187 166 188
165 189 166 189
165 190 166 190
165 191 166 194
165 195 166 198
165 199 166 201
165 202 166 204
165 205 166 205
165 206 166 207
165 208 166 208
165 209 166 212
165 213 166 214
165 215 166 222
165 223 166 223
165 224 166 233
165 234 166 236
165 237 166 237
165 238 166 239
165 240 166 244
165 245 166 245
165 246 166 246
165 247 166 249
167 0 169 10
167 11 169 13
167 14 169 18
167 19 169 21
167 22 169 24
167 25 169 36
167 37 169 42
167 43 169 53
167 54 169 55
167 56 169 58
167 59 169 63
167 64 169 69
167 70 169 73
167 74 169 74
167 75 169 76
167 77 169 77
167 78 169 81
167 82 169 86
167 87 169 89
167 90 169 98
167 99 169 99
167 100 169 100
167 101 169 101
167 102 169 105
167 106 169 109
167 110 169 112
167 113 169 114
167 115 169 115
167 116 169 119
167 120 169 120
167 121 169 124
167 125 169 125
167 126 169 126
167 127 169 130
167 131 169 132
167 133 169 134
167 135 169 138
167 139 169 142
167 143 169 143
167 144 169 145
167 146 169 146
167 147 169 149
167 150 169 150
167 151 169 151
167 152 169 154
167 155 169 155
167 156 169 158
167 159 169 160
167 161 169 163
167 164 169 167
167 168 169 170
167 171 169 173
167 174 169 175
167 176 169 177
167 178 169 183
167 184 169 184
167 185 169 186
167 187 169 188
167 189 169 189
167 190 169 190
167 191 169 194
167 195 169 198
167 199 169 201
167 202 169 204
167 205 169 205
167 206 169 207
167 208 169 208
167 209 169 212
167 213 169 214
167 215 169 222
167 223 169 223
167 224 169 233
167 234 169 236
167 237 169 237
167 238 169 239
167 240 169 244
167 245 169 245
167 246 169 246
167 247 169 249
170 0 172 10
170 11 172 13
170 14 172 18
170 19 172 21
170 22 172 24
170 25 172 36
170 37 172 42
170 43 172 53
170 54 172 55
170 56 172 58
170 59 172 63
170 64 172 69
170 70 172 73
170 74 172 74
170 75 172 76
170 77 172 77
170 78 172 81
170 82 172 86
170 87 172 89
170 90 172 98
170 99 172 99
170 100 172 100
170 101 172 101
170 102 172 105
170 106 172 109
170 110 172 112
170 113 172 114
170 115 172 115
170 116 172 119
170 120 172 120
170 121 172 124
170 125 172 125
170 126 172 126
170 127 172 130
170 131 172 132
170 133 172 134
170 135 172 138
170 139 172 142
170 143 172 143
170 144 172 145
170 146 172 146
170 147 172 149
170 150 172 150
170 151 172 151
170 152 172 154
170 155 172 155
170 156 172 158
170 159 172 160
170 161 172 163
170 164 172 167
170 168 172 170
170 171 172 173
170 174 172 175
170 176 172 177
170 178 172 183
170 184 172 184
170 185 172 186
170 187 172 188
170 189 172 189
170 190 172 190
170 191 172 194
170 195 172 198
170 199 172 201
170 202 172 204
170 205 172 205
170 206 172 207
170 208 172 208
170 209 172 212
170 213 172 214
170 215 172 222
170 223 172 223
170 224 172 233
170 234 172 236
170 237 172 237
170 238 172 239
170 240 172 244
170 245 172 245
170 246 172 246
170 247 172 249
173 0 176 10
173 11 176 13
173 14 176 18
173 19 176 21
173 22 176 24
173 25 176 36
173 37 176 42
173 43 176 53
173 54 176 55
173 56 176 58
173 59 176 63
173 64 176 69
173 70 176 73
173 74 176 74
173 75 176 76
173 77 176 77
173 78 176 81
173 82 176 86
173 87 176 89
173 90 176 98
173 99 176 99
173 100 176 100
173 101 176 101
173 102 176 105
173 106 176 109
173 110 176 112
173 113 176 114
173 115 176 115
173 116 176 119
173 120 176 120
173 121 176 124
173 125 176 125
173 126 176 126
173 127 176 130
173 131 176 132
173 133 176 134
173 135 176 138
173 139 176 142
173 143 176 143
173 144 176 145
173 146 176 146
173 147 176 149
173 150 176 150
173 151 176 151
173 152 176 154
173 155 176 155
173 156 176 158
173 159 176 160
173 161 176 163
173 164 176 167
173 168 176 170
173 171 176 173
173 174 176 175
173 176 176 177
173 178 176 183
173 184 176 184
173 185 176 186
173 187 176 188
173 189 176 189
173 190 176 190
173 191 176 194
173 195 176 198
173 199 176 201
173 202 176 204
173 205 176 205
173 206 176 207
173 208 176 208
173 209 176 212
173 213 176 214
173 215 176 222
173 223 176 223
173 224 176 233
173 234 176 236
173 237 176 237
173 238 176 239
173 240 176 244
173 245 176 245
173 246 176 246
173 247 176 249
177 0 177 10
177 11 177 13
177 14 177 18
177 19 177 21
177 22 177 24
177 25 177 36
177 37 177 42
177 43 177 53
177 54 177 55
177 56 177 58
177 59 177 63
177 64 177 69
177 70 177 73
177 74 177 74
177 75 177 76
177 77 177 77
177 78 177 81
177 82 177 86
177 87 177 89
177 90 177 98
177 99 177 99
177 100 177 100
177 101 177 101
177 102 177 105
177 106 177 109
177 110 177 112
177 113 177 114
177 115 177 115
177 116 177 119
177 120 177 120
177 121 177 124
177 125 177 125
177 126 177 126
177 127 177 130
177 131 177 132
177 133 177 134
177 135 177 138
177 139 177 142
177 143 177 143
177 144 177 145
177 146 177 146
177 147 177 149
177 150 177 150
177 151 177 151
177 152 177 154
177 155 177 155
177 156 177 158
177 159 177 160
177 161 177 163
177 164 177 167
177 168 177 170
177 171 177 173
177 174 177 175
177 176 177 177
177 178 177 183
177 184 177 184
177 185 177 186
177 187 177 188
177 189 177 189
177 190 177 190
177 191 177 194
177 195 177 198
177 199 177 201
177 202 177 204
177 205 177 205
177 206 177 207
177 208 177 208
177 209 177 212
177 213 177 214
177 215 177 222
177 223 177 223
177 224 177 233
177 234 177 236
177 237 177 237
177 238 177 239
177 240 177 244
177 245 177 245
177 246 177 246
177 247 177 249
178 0 180 10
178 11 180 13
178 14 180 18
178 19 180 21
178 22 180 24
178 25 180 36
178 37 180 42
178 43 180 53
178 54 180 55
178 56 180 58
178 59 180 63
178 64 180 69
178 70 180 73
178 74 180 74
178 75 180 76
178 77 180 77
178 78 180 81
178 82 180 86
178 87 180 89
178 90 180 98
178 99 180 99
178 100 180 100
178 101 180 101
178 102 180 105
178 106 180 109
178 110 180 112
178 113 180 114
178 115 180 115
178 116 180 119
178 120 180 120
178 121 180 124
178 125 180 125
178 126 180 126
178 127 180 130
178 131 180 132
178 133 180 134
178 135 180 138
178 139 180 142
178 143 180 143
178 144 180 145
178 146 180 146
178 147 180 149
178 150 180 150
178 151 180 151
178 152 180 154
178 155 180 155
178 156 180 158
178 159 180 160
178 161 180 163
178 164 180 167
178 168 180 170
178 171 180 173
178 174 180 175
178 176 180 177
178 178 180 183
178 184 180 184
178 185 180 186
178 187 180 188
178 189 180 189
178 190 180 190
178 191 180 194
178 195 180 198
178 199 180 201
178 202 180 204
178 205 180 205
178 206 180 207
178 208 180 208
178 209 180 212
178 213 180 214
178 215 180 222
178 223 180 223
178 224 180 233
178 234 180 236
178 237 180 237
178 238 180 239
178 240 180 244
178 245 180 245
178 246 180 246
178 247 180 249
181 0 181 10
181 11 181 13
181 14 181 18
181 19 181 21
181 22 181 24
181 25 181 36
181 37 181 42
181 43 181 53
181 54 181 55
181 56 181 58
181 59 181 63
181 64 181 69
181 70 181 73
181 74 181 74
181 75 181 76
181 77 181 77
181 78 181 81
181 82 181 86
181 87 181 89
181 90 181 98
181 99 181 99
181 100 181 100
181 101 181 101
181 102 181 105
181 106 181 109
181 110 181 112
181 113 181 114
181 115 181 115
181 116 181 119
181 120 181 120
181 121 181 124
181 125 181 125
181 126 181 126
181 127 181 130
181 131 181 132
181 133 181 134
181 135 181 138
181 139 181 142
181 143 181 143
181 144 181 145
181 146 181 146
181 147 181 149
181 150 181 150
181 151 181 151
181 152 181 154
181 155 181 155
181 156 181 158
181 159 181 160
181 161 181 163
181 164 181 167
181 168 181 170
181 171 181 173
181 174 181 175
181 176 181 177
181 178 181 183
181 184 181 184
181 185 181 186
181 187 181 188
181 189 181 189
181 190 181 190
181 191 181 194
181 195 181 198
181 199 181 201
181 202 181 204
181 205 181 205
181 206 181 207
181 208 181 208
181 209 181 212
181 213 181 214
181 215 181 222
181 223 181 223
181 224 181 233
181 234 181 236
181 237 181 237
181 238 181 239
181 240 181 244
181 245 181 245
181 246 181 246
181 247 181 249
182 0 182 10
182 11 182 13
182 14 182 18
182 19 182 21
182 22 182 24
182 25 182 36
182 37 182 42
182 43 182 53
182 54 182 55
182 56 182 58
182 59 182 63
182 64 182 69
182 70 182 73
182 74 182 74
182 75 182 76
182 77 182 77
182 78 182 81
182 82 182 86
182 87 182 89
182 90 182 98
182 99 182 99
182 100 182 100
182 101 182 101
182 102 182 105
182 106 182 109
182 110 182 112
182 113 182 114
182 115 182 115
182 116 182 119
182 120 182 120
182 121 182 124
182 125 182 125
182 126 182 126
182 127 182 130
182 131 182 132
182 133 182 134
182 135 182 138
182 139 182 142
182 143 182 143
182 144 182 145
182 146 182 146
182 147 182 149
182 150 182 150
182 151 182 151
182 152 182 154
182 155 182 155
182 156 182 158
182 159 182 160
182 161 182 163
182 164 182 167
182 168 182 170
182 171 182 173
182 174 182 175
182 176 182 177
182 178 182 183
182 184 182 184
182 185 182 186
182 187 182 188
182 189 182 189
182 190 182 190
182 191 182 194
182 195 182 198
182 199 182 201
182 202 182 204
182 205 182 205
182 206 182 207
182 208 182 208
182 209 182 212
182 213 182 214
182 215 182 222
182 223 182 223
182 224 182 233
182 234 182 236
182 237 182 237
182 238 182 239
182 240 182 244
182 245 182 245
182 246 182 246
182 247 182 249
183 0 183 10
183 11 183 13
183 14 183 18
183 19 183 21
183 22 183 24
183 25 183 36
183 37 183 42
183 43 183 53
183 54 183 55
183 56 183 58
183 59 183 63
183 64 183 69
183 70 183 73
183 74 183 74
183 75 183 76
183 77 183 77
183 78 183 81
183 82 183 86
183 87 183 89
183 90 183 98
183 99 183 99
183 100 183 100
183 101 183 101
183 102 183 105
183 106 183 109
183 110 183 112
183 113 183 114
183 115 183 115
183 116 183 119
183 120 183 120
183 121 183 124
183 125 183 125
183 126 183 126
183 127 183 130
183 131 183 132
183 133 183 134
183 135 183 138
183 139 183 142
183 143 183 143
183 144 183 145
183 146 183 146
183 147 183 149
183 150 183 150
183 151 183 151
183 152 183 154
183 155 183 155
183 156 183 158
183 159 183 160
183 161 183 163
183 164 183 167
183 168 183 170
183 171 183 173
183 174 183 175
183 176 183 177
183 178 183 183
183 184 183 184
183 185 183 186
183 187 183 188
183 189 183 189
183 190 183 190
183 191 183 194
183 195 183 198
183 199 183 201
183 202 183 204
183 205 183 205
183 206 183 207
183 208 183 208
183 209 183 212
183 213 183 214
183 215 183 222
183 223 183 223
183 224 183 233
183 234 183 236
183 237 183 237
183 238 183 239
183 240 183 244
183 245 183 245
183 246 183 246
183 247 183 249
184 0 194 10
184 11 194 13
184 14 194 18
184 19 194 21
184 22 194 24
184 25 194 36
184 37 194 42
184 43 194 53
184 54 194 55
184 56 194 58
184 59 194 63
184 64 194 69
184 70 194 73
184 74 194 74
184 75 194 76
184 77 194 77
184 78 194 81
184 82 194 86
184 87 194 89
184 90 194 98
184 99 194 99
184 100 194 100
184 101 194 101
184 102 194 105
184 106 194 109
184 110 194 112
184 113 194 114
184 115 194 115
184 116 194 119
184 120 194 120
184 121 194 124
184 125 194 125
184 126 194 126
184 127 194 130
184 131 194 132
184 133 194 134
184 135 194 138
184 139 194 142
184 143 194 143
184 144 194 145
184 146 194 146
184 147 194 149
184 150 194 150
184 151 194 151
184 152 194 154
184 155 194 155
184 156 194 158
184 159 194 160
184 161 194 163
184 164 194 167
184 168 194 170
184 171 194 173
184 174 194 175
184 176 194 177
184 178 194 183
184 184 194 184
184 185 194 186
184 187 194 188
184 189 194 189
184 190 194 190
184 191 194 194
184 195 194 198
184 199 194 201
184 202 194 204
184 205 194 205
184 206 194 207
184 208 194 208
184 209 194 212
184 213 194 214
184 215 194 222
184 223 194 223
184 224 194 233
184 234 194 236
184 237 194 237
184 238 194 239
184 240 194 244
184 245 194 245
184 246 194 246
184 247 194 249
195 0 197 10
195 11 197 13
195 14 197 18
195 19 197 21
195 22 197 24
195 25 197 36
195 37 197 42
195 43 197 53
195 54 197 55
195 56 197 58
195 59 197 63
195 64 197 69
195 70 197 73
195 74 197 74
195 75 197 76
195 77 197 77
195 78 197 81
195 82 197 86
195 87 197 89
195 90 197 98
195 99 197 99
195 100 197 100
195 101 197 101
195 102 197 105
195 106 197 109
195 110 197 112
195 113 197 114
195 115 197 115
195 116 197 119
195 120 197 120
195 121 197 124
195 125 197 125
195 126 197 126
195 127 197 130
195 131 197 132
195 133 197 134
195 135 197 138
195 139 197 142
195 143 197 143
195 144 197 145
195 146 197 146
195 147 197 149
195 150 197 150
195 151 197 151
195 152 197 154
195 155 197 155
195 156 197 158
195 159 197 160
195 161 197 163
195 164 197 167
195 168 197 170
195 171 197 173
195 174 197 175
195 176 197 177
195 178 197 183
195 184 197 184
195 185 197 186
195 187 197 188
195 189 197 189
195 190 197 190
195 191 197 194
195 195 197 198
195 199 197 201
195 202 197 204
195 205 197 205
195 206 197 207
195 208 197 208
195 209 197 212
195 213 197 214
195 215 197 222
195 223 197 223
195 224 197 233
195 234 197 236
195 237 197 237
195 238 197 239
195 240 197 244
195 245 197 245
195 246 197 246
195 247 197 249
198 0 198 10
198 11 198 13
198 14 198 18
198 19 198 21
198 22 198 24
198 25 198 36
198 37 198 42
198 43 198 53
198 54 198 55
198 56 198 58
198 59 198 63
198 64 198 69
198 70 198 73
198 74 198 74
198 75 198 76
198 77 198 77
198 78 198 81
198 82 198 86
198 87 198 89
198 90 198 98
198 99 198 99
198 100 198 100
198 101 198 101
198 102 198 105
198 106 198 109
198 110 198 112
198 113 198 114
198 115 198 115
198 116 198 119
198 120 198 120
198 121 198 124
198 125 198 125
198 126 198 126
198 127 198 130
198 131 198 132
198 133 198 134
198 135 198 138
198 139 198 142
198 143 198 143
198 144 198 145
198 146 198 146
198 147 198 149
198 150 198 150
198 151 198 151
198 152 198 154
198 155 198 155
198 156 198 158
198 159 198 160
198 161 198 163
198 164 198 167
198 168 198 170
198 171 198 173
198 174 198 175
198 176 198 177
198 178 198 183
198 184 198 184
198 185 198 186
198 187 198 188
198 189 198 189
198 190 198 190
198 191 198 194
198 195 198 198
198 199 198 201
198 202 198 204
198 205 198 205
198 206 198 207
198 208 198 208
198 209 198 212
198 213 198 214
198 215 198 222
198 223 198 223
198 224 198 233
198 234 198 236
198 237 198 237
198 238 198 239
198 240 198 244
198 245 198 245
198 246 198 246
198 247 198 249
199 0 199 10
199 11 199 13
199 14 199 18
199 19 199 21
199 22 199 24
199 25 199 36
199 37 199 42
199 43 199 53
199 54 199 55
199 56 199 58
199 59 199 63
199 64 199 69
199 70 199 73
199 74 199 74
199 75 199 76
199 77 199 77
199 78 199 81
199 82 199 86
199 87 199 89
199 90 199 98
199 99 199 99
199 100 199 100
199 101 199 101
199 102 199 105
199 106 199 109
199 110 199 112
199 113 199 114
199 115 199 115
199 116 199 119
199 120 199 120
199 121 199 124
199 125 199 125
199 126 199 126
199 127 199 130
199 131 199 132
199 133 199 134
199 135 199 138
199 139 199 142
199 143 199 143
199 144 199 145
199 146 199 146
199 147 199 149
199 150 199 150
199 151 199 151
199 152 199 154
199 155 199 155
199 156 199 158
199 159 199 160
199 161 199 163
199 164 199 167
199 168 199 170
199 171 199 173
199 174 199 175
199 176 199 177
199 178 199 183
199 184 199 184
199 185 199 186
199 187 199 188
199 189 199 189
199 190 199 190
199 191 199 194
199 195 199 198
199 199 199 201
199 202 199 204
199 205 199 205
199 206 199 207
199 208 199 208
199 209 199 212
199 213 199 214
199 215 199 222
199 223 199 223
199 224 199 233
199 234 199 236
199 237 199 237
199 238 199 239
199 240 199 244
199 245 199 245
199 246 199 246
199 247 199 249

